1.000000000000000000e+00 5.319068265053909414e-06 8.139083485812812866e-07
9.000000000000000222e-01 9.479331007214143013e-06 1.016662865080336856e-06
8.000000000000000444e-01 2.069458619470547991e-05 1.599201219371688805e-06
6.999999999999999556e-01 3.995178710027628380e-05 2.178545770368237612e-06
5.999999999999999778e-01 8.212753654120001374e-05 3.110407428067537488e-06
5.000000000000000000e-01 2.311827746973298017e-04 6.177991745876524085e-06
4.000000000000000222e-01 1.556275546820647462e-02 1.542919656345926086e-04
2.999999999999999889e-01 3.004857897023288649e-03 3.551480234664979865e-05
2.000000000000000111e-01 1.331577991469180475e-02 1.042161548268727238e-04
1.000000000000000056e-01 4.097484047477538693e-01 1.742894091289854839e-03
5.000000000000000278e-02 1.218186246558154728e+01 8.786731024868712006e-03
