1.000000000000000000e+00 2.543888331274501979e-05 2.297997525602113456e-06
9.000000000000000222e-01 4.227600948070175946e-05 3.153543275402626023e-06
8.000000000000000444e-01 5.725359369534999132e-05 3.404081326152663678e-06
6.999999999999999556e-01 9.676923946244642138e-05 4.236535914969863370e-06
5.999999999999999778e-01 1.673728256719186902e-04 7.586314040963770822e-06
5.000000000000000000e-01 3.440176078584045172e-04 9.982234587369021028e-06
4.000000000000000222e-01 7.697452674619853497e-04 1.720294858387205750e-05
2.999999999999999889e-01 2.662106184288859367e-03 3.422385634621605277e-05
2.000000000000000111e-01 1.221751049160957336e-02 9.848505578702315688e-05
1.000000000000000056e-01 1.376500725746154785e-01 6.986728403717279434e-04
5.000000000000000278e-02 9.658218622207641602e-01 3.769954200834035873e-03
