1.000000000000000000e+00 2.563258567533921450e-05 2.029027427852270193e-06
9.000000000000000222e-01 3.440111322561278939e-05 2.366584567425888963e-06
8.000000000000000444e-01 5.676625369233079255e-05 3.035751888091908768e-06
6.999999999999999556e-01 8.804001117823645473e-05 4.616707428795052692e-06
5.999999999999999778e-01 1.733974058879539371e-04 5.951672847004374489e-06
5.000000000000000000e-01 3.410676144994795322e-04 9.723113180371001363e-06
4.000000000000000222e-01 7.778278086334466934e-04 1.736832018650602549e-05
2.999999999999999889e-01 2.640333725139498711e-03 3.974862556788139045e-05
2.000000000000000111e-01 1.186573505401611328e-02 1.158606974058784544e-04
1.000000000000000056e-01 1.371880769729614258e-01 7.336325943470001221e-04
5.000000000000000278e-02 9.635973572731018066e-01 4.082400817424058914e-03
