1.000000000000000000e+00 3.670273872558027506e-05 3.674976142065133899e-06
9.000000000000000222e-01 5.300670090946368873e-05 7.440292847604723647e-06
8.000000000000000444e-01 7.930186256999149919e-05 6.945495897525688633e-06
6.999999999999999556e-01 1.316767302341759205e-04 9.371607120556291193e-06
5.999999999999999778e-01 2.108835615217685699e-04 9.400255294167436659e-06
5.000000000000000000e-01 4.252066428307443857e-04 1.415527731296606362e-05
4.000000000000000222e-01 9.258392383344471455e-04 1.895650711958296597e-05
2.999999999999999889e-01 2.861098153516650200e-03 3.823147562798112631e-05
2.000000000000000111e-01 1.192455086857080460e-02 1.101815141737461090e-04
1.000000000000000056e-01 1.381735056638717651e-01 7.566160638816654682e-04
5.000000000000000278e-02 9.657981991767883301e-01 4.072486422955989838e-03
