2.999999999999999889e-02 3.425051927566528320e+00 1.540714781731367111e-02
5.000000000000000278e-02 1.084694981575012207e+00 4.436776973307132721e-03
7.000000000000000666e-02 4.177911877632141113e-01 1.782273058779537678e-03
1.000000000000000056e-01 1.391167640686035156e-01 7.217744132503867149e-04
2.000000000000000111e-01 1.206841319799423218e-02 1.012237189570441842e-04
2.999999999999999889e-01 2.302510198205709457e-03 2.991523979289922863e-05
4.000000000000000222e-01 6.509131053462624550e-04 1.252756192116066813e-05
5.000000000000000000e-01 2.562312874943017960e-04 7.829629794287029654e-06
5.999999999999999778e-01 1.152609474956989288e-04 4.349431037553586066e-06
6.999999999999999556e-01 5.692348713637329638e-05 2.577834493422415107e-06
8.000000000000000444e-01 2.828667129506357014e-05 1.724643198031117208e-06
9.000000000000000222e-01 1.607552803761791438e-05 1.255331198990461417e-06
1.000000000000000000e+00 8.881714165909215808e-06 1.002289309326442890e-06
