1.000000000000000000e+00 2.178296927013434470e-05 2.377096279815305024e-06
9.000000000000000222e-01 2.623035106807947159e-05 3.521470944178872742e-06
8.000000000000000444e-01 4.365818676888011396e-05 3.009569581990945153e-06
6.999999999999999556e-01 8.592569065513089299e-05 5.590505679720081389e-06
5.999999999999999778e-01 1.362064649583771825e-04 6.414900781237520278e-06
5.000000000000000000e-01 2.893961500376462936e-04 1.221643105964176357e-05
4.000000000000000222e-01 7.426566444337368011e-04 2.155169931938871741e-05
2.999999999999999889e-01 2.605899004265666008e-03 5.414027327788062394e-05
2.000000000000000111e-01 1.145954243838787079e-02 1.224078732775524259e-04
1.000000000000000056e-01 1.456149816513061523e-01 7.327887578867375851e-04
5.000000000000000278e-02 9.986247420310974121e-01 4.017165396362543106e-03
