2.999999999999999889e-02 3.523406267166137695e+00 1.598223298788070679e-02
5.000000000000000278e-02 1.147995471954345703e+00 4.707365296781063080e-03
7.000000000000000666e-02 4.062900543212890625e-01 1.717817154712975025e-03
1.000000000000000056e-01 1.389952749013900757e-01 6.804775912314653397e-04
2.000000000000000111e-01 1.199345570057630539e-02 9.407757170265540481e-05
2.999999999999999889e-01 2.388924825936555862e-03 3.191189898643642664e-05
4.000000000000000222e-01 6.616720347665250301e-04 1.236236766999354586e-05
5.000000000000000000e-01 2.547400363255292177e-04 6.550705165864201263e-06
5.999999999999999778e-01 1.118194704758934677e-04 4.067750978720141575e-06
6.999999999999999556e-01 5.347380283637903631e-05 2.531484369683312252e-06
8.000000000000000444e-01 2.591983684396836907e-05 1.638901267142500728e-06
9.000000000000000222e-01 1.808206980058457702e-05 1.372345195704838261e-06
1.000000000000000000e+00 1.183966196549590677e-05 1.444681061002484057e-06
