2.999999999999999889e-02 3.335991621017456055e+00 1.521429978311061859e-02
5.000000000000000278e-02 1.138525128364562988e+00 4.692052025347948074e-03
7.000000000000000666e-02 4.260494709014892578e-01 1.883907127194106579e-03
1.000000000000000056e-01 1.399335116147994995e-01 6.934269331395626068e-04
2.000000000000000111e-01 1.170967705547809601e-02 1.024943776428699493e-04
2.999999999999999889e-01 2.450465923175215721e-03 3.300107709947042167e-05
4.000000000000000222e-01 7.133377948775887489e-04 1.404426257067825645e-05
5.000000000000000000e-01 2.857377985492348671e-04 7.808447662682738155e-06
5.999999999999999778e-01 2.354657044634222984e-04 6.463274075940717012e-06
6.999999999999999556e-01 2.018738741753622890e-04 6.113765266491100192e-06
8.000000000000000444e-01 1.756501587806269526e-04 5.263003913569264114e-06
9.000000000000000222e-01 1.684300659690052271e-04 5.140703251527156681e-06
1.000000000000000000e+00 1.693959202384576201e-04 4.962467755831312388e-06
