1.000000000000000000e+00 2.165127625630702823e-05 2.064641421384294517e-06
9.000000000000000222e-01 3.947707955376245081e-05 2.780908289423678070e-06
8.000000000000000444e-01 5.575560498982667923e-05 3.919431492249714211e-06
6.999999999999999556e-01 9.292999311583116651e-05 4.374331638246076182e-06
5.999999999999999778e-01 1.833755522966384888e-04 6.733485406584804878e-06
5.000000000000000000e-01 3.423901216592639685e-04 1.027524012897629291e-05
4.000000000000000222e-01 7.968354038894176483e-04 1.566613354953005910e-05
2.999999999999999889e-01 2.612768439576029778e-03 3.657616252894513309e-05
2.000000000000000111e-01 1.230546459555625916e-02 1.141060492955148220e-04
1.000000000000000056e-01 1.295444220304489136e-01 7.219563703984022141e-04
5.000000000000000278e-02 9.414019584655761719e-01 4.215533845126628876e-03
