1.000000000000000000e+00 1.070767830242402852e-04 3.641652256192173809e-06
9.000000000000000222e-01 1.154068304458633065e-04 4.163213361607631668e-06
8.000000000000000444e-01 1.388940290780737996e-04 4.354873453848995268e-06
6.999999999999999556e-01 1.625149452593177557e-04 6.957114692340837792e-06
5.999999999999999778e-01 2.162179735023528337e-04 7.899753654783125967e-06
5.000000000000000000e-01 4.226038872729986906e-04 1.194434025819646195e-05
4.000000000000000222e-01 8.434944320470094681e-04 1.792577677406370640e-05
2.999999999999999889e-01 2.874564146623015404e-03 3.521762482705526054e-05
2.000000000000000111e-01 1.265619043260812759e-02 1.043046067934483290e-04
1.000000000000000056e-01 1.370681524276733398e-01 6.859358400106430054e-04
5.000000000000000278e-02 9.824033975601196289e-01 3.957595210522413254e-03
