1.000000000000000000e+00 9.664509889262262732e-06 1.037496076605748385e-06
9.000000000000000222e-01 1.599366441951133311e-05 1.225745108968112618e-06
8.000000000000000444e-01 3.046896381420083344e-05 1.842628648773825262e-06
6.999999999999999556e-01 5.527265966520644724e-05 2.577186705821077339e-06
5.999999999999999778e-01 1.153264020103961229e-04 3.874899903166806325e-06
5.000000000000000000e-01 2.564146998338401318e-04 6.534267413371708244e-06
4.000000000000000222e-01 6.452068919315934181e-04 1.244546001544222236e-05
2.999999999999999889e-01 2.403207588940858841e-03 3.122859561699442565e-05
2.000000000000000111e-01 1.216357946395874023e-02 1.012608045130036771e-04
1.000000000000000056e-01 1.313498914241790771e-01 6.430919747799634933e-04
5.000000000000000278e-02 9.206507802009582520e-01 3.621965879574418068e-03
