1.000000000000000000e+00 3.592891880543902516e-05 2.468145112288766541e-06
9.000000000000000222e-01 4.654818985727615654e-05 2.541079084039665759e-06
8.000000000000000444e-01 7.532627205364406109e-05 4.597111455950653180e-06
6.999999999999999556e-01 9.312341717304661870e-05 4.705276751337805763e-06
5.999999999999999778e-01 1.944047398865222931e-04 6.721623776684282348e-06
5.000000000000000000e-01 3.554790746420621872e-04 9.653344022808596492e-06
4.000000000000000222e-01 8.300715708173811436e-04 1.608394632057752460e-05
2.999999999999999889e-01 2.510250778868794441e-03 3.149272015434689820e-05
2.000000000000000111e-01 1.230650581419467926e-02 1.152046388597227633e-04
1.000000000000000056e-01 1.425154507160186768e-01 7.115539629012346268e-04
5.000000000000000278e-02 9.790313243865966797e-01 4.325011745095252991e-03
