2.201381921768188477e+00 6.880828738212585449e-01
3.074176609516143799e-01 1.621210128068923950e-01
1.734204292297363281e-01 1.309607923030853271e-01
1.437779068946838379e-01 1.170080080628395081e-01
1.151235178112983704e-01 8.364058285951614380e-02
9.624782204627990723e-02 8.726532757282257080e-02
7.689210027456283569e-02 7.938195765018463135e-02
6.426267325878143311e-02 5.210405588150024414e-02
5.524827167391777039e-02 3.727108612656593323e-02
5.460192635655403137e-02 5.726577714085578918e-02
4.729135334491729736e-02 3.646627068519592285e-02
4.922534152865409851e-02 3.283139318227767944e-02
3.811480849981307983e-02 3.497298806905746460e-02
3.812489658594131470e-02 3.003806062042713165e-02
3.427907451987266541e-02 3.250163048505783081e-02
3.275921568274497986e-02 2.875846251845359802e-02
3.528664633631706238e-02 2.948204614222049713e-02
3.368559852242469788e-02 3.025256656110286713e-02
3.354975581169128418e-02 3.085231035947799683e-02
3.270786628127098083e-02 2.778801508247852325e-02
3.487120568752288818e-02 3.244196623563766479e-02
3.526248037815093994e-02 2.692915499210357666e-02
3.550866618752479553e-02 4.047778248786926270e-02
3.985768184065818787e-02 2.940416894853115082e-02
3.184821084141731262e-02 2.792409062385559082e-02
3.749066218733787537e-02 2.850829251110553741e-02
3.908667713403701782e-02 2.823858521878719330e-02
3.301091864705085754e-02 2.673457562923431396e-02
3.035070374608039856e-02 2.643178217113018036e-02
3.089601360261440277e-02 2.611744776368141174e-02
3.113150410354137421e-02 3.155035153031349182e-02
3.119798749685287476e-02 2.675972320139408112e-02
3.850247710943222046e-02 3.024921379983425140e-02
3.307883441448211670e-02 2.911676838994026184e-02
3.574532642960548401e-02 2.709047868847846985e-02
3.045716695487499237e-02 2.730953134596347809e-02
3.077601268887519836e-02 2.669723704457283020e-02
3.551598638296127319e-02 2.775668352842330933e-02
3.338439762592315674e-02 4.826417937874794006e-02
3.198762983083724976e-02 2.757775597274303436e-02
3.142773732542991638e-02 2.743410132825374603e-02
3.173458203673362732e-02 2.619056962430477142e-02
3.038208745419979095e-02 2.758959867060184479e-02
3.136303275823593140e-02 2.652831748127937317e-02
3.693544492125511169e-02 3.180541843175888062e-02
3.183901682496070862e-02 3.307790309190750122e-02
3.158226609230041504e-02 2.661046758294105530e-02
3.029803559184074402e-02 2.690447494387626648e-02
2.942300401628017426e-02 2.726113982498645782e-02
3.148538246750831604e-02 2.618108317255973816e-02
3.226139023900032043e-02 2.591633237898349762e-02
2.961089648306369781e-02 3.112615644931793213e-02
3.380367532372474670e-02 2.764551527798175812e-02
3.211106732487678528e-02 2.762948907911777496e-02
3.068982064723968506e-02 2.594639733433723450e-02
3.316285088658332825e-02 2.675885334610939026e-02
3.080183453857898712e-02 2.587507478892803192e-02
3.415313735604286194e-02 3.262569010257720947e-02
3.467494249343872070e-02 2.610544860363006592e-02
3.117079474031925201e-02 2.905309572815895081e-02
3.032952360808849335e-02 2.537026628851890564e-02
3.321680426597595215e-02 2.618860267102718353e-02
2.991134487092494965e-02 2.465937659144401550e-02
3.067740984261035919e-02 2.512182109057903290e-02
3.198636695742607117e-02 2.553508058190345764e-02
2.813527174293994904e-02 2.257738821208477020e-02
3.127622976899147034e-02 2.567464485764503479e-02
2.817603386938571930e-02 1.993157155811786652e-02
2.393939532339572906e-02 1.863562501966953278e-02
1.669040508568286896e-02 1.017210446298122406e-02
1.362956780940294266e-02 9.622069075703620911e-03
7.608185522258281708e-03 1.217482145875692368e-02
6.233562715351581573e-03 7.782121654599905014e-03
5.607638508081436157e-03 6.930000148713588715e-03
5.028673913329839706e-03 4.930401220917701721e-03
3.190674120560288429e-03 1.509116380475461483e-03
1.828912459313869476e-02 5.343310534954071045e-03
4.952103830873966217e-03 1.433722442016005516e-03
2.190750325098633766e-03 1.565329032018780708e-03
3.806722816079854965e-03 6.210502237081527710e-03
3.597923787310719490e-03 1.490095513872802258e-03
3.529865061864256859e-03 1.774019561707973480e-03
3.853380912914872169e-03 4.165405873209238052e-03
5.306249484419822693e-03 1.431670854799449444e-03
2.656382042914628983e-03 3.969693090766668320e-03
1.217519515193998814e-03 1.016630209051072598e-03
9.513592231087386608e-04 8.765136008150875568e-04
8.928871247917413712e-04 8.747615502215921879e-04
8.767836261540651321e-04 8.644169429317116737e-04
8.246114011853933334e-04 8.366786059923470020e-04
9.004778694361448288e-04 8.186493651010096073e-04
8.066495647653937340e-04 8.749225526116788387e-04
9.919047588482499123e-04 8.874692139215767384e-04
8.967290632426738739e-04 8.742063073441386223e-04
8.324999362230300903e-04 1.289641950279474258e-03
8.768955594860017300e-04 1.284578698687255383e-03
8.762672077864408493e-04 8.013124461285769939e-04
8.251336403191089630e-04 9.041510056704282761e-04
9.450621437281370163e-04 7.830742979422211647e-04
7.684619049541652203e-04 9.773282799869775772e-04
9.005233878269791603e-04 7.720485446043312550e-04
8.620445150882005692e-04 1.267485669814050198e-03
8.216632995754480362e-04 7.944017415866255760e-04
9.381601703353226185e-04 2.047691959887742996e-03
1.077627297490835190e-03 1.258266041986644268e-03
8.995711687020957470e-04 7.351397071033716202e-04
8.182089077308773994e-04 9.616106981411576271e-04
9.464150643907487392e-04 1.051513594575226307e-03
7.944799144752323627e-04 1.230987487360835075e-03
1.034463639371097088e-03 1.011489308439195156e-03
9.170941775664687157e-04 8.628768264316022396e-04
1.305057434365153313e-03 1.409436808899044991e-03
1.050918828696012497e-03 1.064951415173709393e-03
1.110010780394077301e-03 2.278659492731094360e-03
8.212493266910314560e-04 1.393288490362465382e-03
8.844435214996337891e-04 9.620346827432513237e-04
1.280746189877390862e-03 9.497791761532425880e-04
9.515733108855783939e-04 7.376003195531666279e-04
9.805593872442841530e-04 1.438489533029496670e-03
1.032477477565407753e-03 1.125672482885420322e-03
7.906729588285088539e-04 9.681991650722920895e-04
8.433375624008476734e-04 1.424634014256298542e-03
1.005820231512188911e-03 8.016378269530832767e-04
8.338349871337413788e-04 8.530458435416221619e-04
8.971281931735575199e-04 3.764713881537318230e-03
1.002481207251548767e-03 8.531908388249576092e-04
9.076464921236038208e-04 6.887594354338943958e-04
7.161723915487527847e-04 9.097221773117780685e-04
9.867469780147075653e-04 9.708787547424435616e-04
7.399946334771811962e-04 7.422409835271537304e-04
9.102206677198410034e-04 8.150274516083300114e-04
1.032724627293646336e-03 9.195614256896078587e-04
7.494089077226817608e-04 1.817128853872418404e-03
1.149081741459667683e-03 2.411623019725084305e-03
2.062126062810420990e-03 6.059883744455873966e-04
7.777932914905250072e-04 1.125736976973712444e-03
7.200518157333135605e-04 7.087619742378592491e-04
6.449898937717080116e-04 6.287365104071795940e-04
6.751404143869876862e-04 6.252269377000629902e-04
8.912727353163063526e-04 6.718363729305565357e-04
7.850184920243918896e-04 6.134431459940969944e-04
7.960101938806474209e-04 1.003776444122195244e-03
1.480063307099044323e-03 9.315120405517518520e-04
7.466361857950687408e-04 6.654587923549115658e-04
1.050651189871132374e-03 7.293266244232654572e-04
9.102124022319912910e-04 7.125937845557928085e-04
9.634818998165428638e-04 8.108656038530170918e-04
7.049572304822504520e-04 8.220983436331152916e-04
9.210101561620831490e-04 6.905533373355865479e-04
7.482772925868630409e-04 8.158342097885906696e-04
6.848307093605399132e-04 6.964526255615055561e-04
8.051803451962769032e-04 1.574322581291198730e-03
9.712204919196665287e-04 7.009655819274485111e-04
7.887239917181432247e-04 8.894173079170286655e-04
9.112344123423099518e-04 1.167407142929732800e-03
7.836585282348096371e-04 8.706114022061228752e-04
7.057169568724930286e-04 6.149332039058208466e-04
7.492649019695818424e-04 6.218762136995792389e-04
7.741863955743610859e-04 1.589866937138140202e-03
1.472944742999970913e-03 1.366966869682073593e-03
8.765594684518873692e-04 6.943471962586045265e-04
6.891838274896144867e-04 9.122337796725332737e-04
8.478997624479234219e-04 7.952010491862893105e-04
1.010259496979415417e-03 7.651483174413442612e-04
6.305692368187010288e-04 5.182509776204824448e-04
6.850459612905979156e-04 1.686615287326276302e-03
1.065638381987810135e-03 1.505347434431314468e-03
8.175300317816436291e-04 8.468794403597712517e-04
5.809667636640369892e-04 6.498227012343704700e-04
6.655256729573011398e-04 5.067718448117375374e-04
8.003760012798011303e-04 5.947771132923662663e-04
8.256176370196044445e-04 1.020990661345422268e-03
8.995469543151557446e-04 7.332466775551438332e-04
6.519712624140083790e-04 5.855381023138761520e-04
7.151497411541640759e-04 1.033962587825953960e-03
7.229328039102256298e-04 1.295166555792093277e-03
8.442096295766532421e-04 5.513721262104809284e-04
6.946675712242722511e-04 6.531191756948828697e-04
7.760854205116629601e-04 8.212169050239026546e-04
1.013501896522939205e-03 5.713170394301414490e-04
9.802117710933089256e-04 1.623975578695535660e-03
9.621557546779513359e-04 8.735425653867423534e-04
7.548367721028625965e-04 6.421059952117502689e-04
6.043480243533849716e-04 5.942750140093266964e-04
6.304398411884903908e-04 4.760948941111564636e-04
5.825468688271939754e-04 5.335157038643956184e-04
8.096891688182950020e-04 6.204391247592866421e-04
7.163411937654018402e-04 5.709322867915034294e-04
8.949414477683603764e-04 5.545544554479420185e-04
1.036781352013349533e-03 6.083557382225990295e-04
7.194990757852792740e-04 4.765976045746356249e-04
7.619045791216194630e-04 8.087129099294543266e-04
6.945001077838242054e-04 1.296855858527123928e-03
7.711233338341116905e-04 5.660122842527925968e-04
9.314595372416079044e-04 5.357901100069284439e-04
6.042001768946647644e-04 5.781489307992160320e-04
6.403092411346733570e-04 6.682180683128535748e-04
8.555472013540565968e-04 5.849482258781790733e-04
7.623278070241212845e-04 4.798790032509714365e-04
6.453277892433106899e-04 5.600483855232596397e-04
6.235773907974362373e-04 5.855110357515513897e-04
6.109653622843325138e-04 8.935721707530319691e-04
9.503714973106980324e-04 5.953686777502298355e-04
8.175836992450058460e-04 6.834947271272540092e-04
7.081616204231977463e-04 8.006305433809757233e-04
1.092697842977941036e-03 1.835642266087234020e-03
7.186220609582960606e-04 4.886561655439436436e-04
5.820309743285179138e-04 6.417311960831284523e-04
9.457819978706538677e-04 8.713527349755167961e-04
8.875983185134828091e-04 5.229036323726177216e-04
8.502964628860354424e-04 4.876877064816653728e-04
9.385831654071807861e-04 6.226353580132126808e-04
6.726243882440030575e-04 4.888220573775470257e-04
5.763441440649330616e-04 4.939611535519361496e-04
8.218244183808565140e-04 5.697913584299385548e-04
7.102846284396946430e-04 4.424798826221376657e-04
5.841872771270573139e-04 5.937496898695826530e-04
6.194838788360357285e-04 4.781216266565024853e-04
5.724993534386157990e-04 1.257203752174973488e-03
5.585107137449085712e-04 5.786924157291650772e-04
6.452159723266959190e-04 1.495696604251861572e-03
6.994193536229431629e-04 5.745058879256248474e-04
9.034865070134401321e-04 4.085213586222380400e-04
6.866680341772735119e-04 6.084491033107042313e-04
5.977287073619663715e-04 4.968682187609374523e-04
5.918180686421692371e-04 1.054969383403658867e-03
6.812143838033080101e-04 4.809903621207922697e-04
7.051790016703307629e-04 7.042310317046940327e-04
6.866478361189365387e-04 6.036101840436458588e-04
6.206402322277426720e-04 7.623867713846266270e-04
8.354205056093633175e-04 6.217701011337339878e-04
6.117632729001343250e-04 5.208679358474910259e-04
5.868418375030159950e-04 7.506538531742990017e-04
9.114589774981141090e-04 6.046190974302589893e-04
6.727273575961589813e-04 5.530512426048517227e-04
9.870879584923386574e-04 5.539254052564501762e-04
7.474449230358004570e-04 6.539595196954905987e-04
8.357141050510108471e-04 5.440699169412255287e-04
5.253828130662441254e-04 5.463843699544668198e-04
6.829514168202877045e-04 1.129953423514962196e-03
6.786590674892067909e-04 6.775524234399199486e-04
7.543778629042208195e-04 6.049029761925339699e-04
6.794033688493072987e-04 6.192948785610496998e-04
7.337475544773042202e-04 4.458797047846019268e-04
7.504548411816358566e-04 7.211397751234471798e-04
4.950312431901693344e-04 4.508793354034423828e-04
5.337217007763683796e-04 6.007153424434363842e-04
6.730845780111849308e-04 4.806125652976334095e-04
8.984594605863094330e-04 8.580715511925518513e-04
5.667841760441660881e-04 4.680248093791306019e-04
5.183328175917267799e-04 5.334217566996812820e-04
6.344385328702628613e-04 7.039320771582424641e-04
1.023714779876172543e-03 6.694318144582211971e-04
5.834294715896248817e-04 2.417937619611620903e-03
6.327510345727205276e-04 5.028408486396074295e-04
7.689321646466851234e-04 5.135273677296936512e-04
5.463222041726112366e-04 5.680442554876208305e-04
6.109187961556017399e-04 7.295856485143303871e-04
5.548761691898107529e-04 5.499907420016825199e-04
6.038068095222115517e-04 4.802395706064999104e-04
7.686566095799207687e-04 7.438817992806434631e-04
6.751045002602040768e-04 6.379408296197652817e-04
5.033031338825821877e-04 6.563396891579031944e-04
9.290709858760237694e-04 6.306630675680935383e-04
5.523930885829031467e-04 6.244246615096926689e-04
7.643393473699688911e-04 4.607361624948680401e-04
5.692019476555287838e-04 1.039495924487709999e-03
9.170708945021033287e-04 1.066645025275647640e-03
5.520212580449879169e-04 6.554870051331818104e-04
5.672370898537337780e-04 3.996954474132508039e-04
4.521243390627205372e-04 4.051966243423521519e-04
7.357003632932901382e-04 1.139186322689056396e-03
6.290061282925307751e-04 7.456534076482057571e-04
4.956727498210966587e-04 4.192488850094377995e-04
1.219106954522430897e-03 8.272770210169255733e-04
8.930249023251235485e-04 8.018987136892974377e-04
7.083417731337249279e-04 7.167757721617817879e-04
6.404207670129835606e-04 7.136626518331468105e-04
5.698716850019991398e-04 5.968499463051557541e-04
6.419933633878827095e-04 5.441620596684515476e-04
7.418178720399737358e-04 6.390818743966519833e-04
5.210516974329948425e-04 7.947504636831581593e-04
7.678664987906813622e-04 3.587268874980509281e-04
5.566352047026157379e-04 4.697307886090129614e-04
1.724175643175840378e-03 4.257732944097369909e-04
5.067004240117967129e-04 4.560305678751319647e-04
4.784512857440859079e-04 7.100239745341241360e-04
7.643907447345554829e-04 5.058548995293676853e-04
5.844050901941955090e-04 5.557069089263677597e-04
5.354402819648385048e-04 5.364213138818740845e-04
4.786110948771238327e-04 1.126227900385856628e-03
4.904665984213352203e-04 9.349207393825054169e-04
8.359735948033630848e-04 7.485379464924335480e-04
6.912935641594231129e-04 4.835680010728538036e-04
5.345165845938026905e-04 3.966476942878216505e-04
5.148542113602161407e-04 4.866755916737020016e-04
6.487211794592440128e-04 4.050856514368206263e-04
6.404332234524190426e-04 6.233240128494799137e-04
5.406624986790120602e-04 6.047487840987741947e-04
7.107850397005677223e-04 8.223082986660301685e-04
6.095314747653901577e-04 4.698580014519393444e-04
7.130273152142763138e-04 4.355246492195874453e-04
5.380901275202631950e-04 5.744919180870056152e-04
7.331768283620476723e-04 1.196229364722967148e-03
8.071293123066425323e-04 4.184314457233995199e-04
5.009330925531685352e-04 4.094904288649559021e-04
6.578335305675864220e-04 4.156957147642970085e-04
4.756637790706008673e-04 5.076411180198192596e-04
5.709156976081430912e-04 5.479436367750167847e-04
5.108679179102182388e-04 3.543574130162596703e-04
6.664572865702211857e-04 1.454618060961365700e-03
9.081888711079955101e-04 4.167634178884327412e-04
6.381762796081602573e-04 8.848888683132827282e-04
7.049933774396777153e-04 1.212983508594334126e-03
5.373518797568976879e-04 9.229934075847268105e-04
6.225014221854507923e-04 3.825943276751786470e-04
6.474924157373607159e-04 3.789006150327622890e-04
4.586231370922178030e-04 3.651739971246570349e-04
5.034737405367195606e-04 7.505051908083260059e-04
4.875999584328383207e-04 3.316468792036175728e-04
5.655589629895985126e-04 4.286181647330522537e-04
4.864167422056198120e-04 4.167017177678644657e-04
5.051834741607308388e-04 5.584385944530367851e-04
6.171964923851191998e-04 5.062434356659650803e-04
5.645499913953244686e-04 1.152989570982754230e-03
3.445574315264821053e-03 5.084606818854808807e-04
4.468579136300832033e-04 9.787010494619607925e-04
4.989008302800357342e-04 3.221420629415661097e-04
4.463376826606690884e-04 3.310293541289865971e-04
4.261785361450165510e-04 4.605020221788436174e-04
5.143751041032373905e-04 3.404723247513175011e-04
4.731130902655422688e-04 3.153834259137511253e-04
5.602131132036447525e-04 6.993464194238185883e-04
4.367300425656139851e-04 6.201997166499495506e-04
4.405704967211931944e-04 4.576165811158716679e-04
6.199240451678633690e-04 4.792433173861354589e-04
4.549416771624237299e-04 4.470768326427787542e-04
8.740404737181961536e-04 4.083884414285421371e-04
4.417829622980207205e-04 5.225166096352040768e-04
1.052889274433255196e-03 3.181668580509722233e-04
6.698213401250541210e-04 5.137103144079446793e-04
6.516046705655753613e-04 1.041414448991417885e-03
5.014909547753632069e-04 7.278673001565039158e-04
6.392994546331465244e-04 5.894292262382805347e-04
4.694316885434091091e-04 1.087998854927718639e-03
9.511949610896408558e-04 6.932748947292566299e-04
6.002119625918567181e-04 3.212274750694632530e-04
4.310557560529559851e-04 4.743788158521056175e-04
4.858279135078191757e-04 3.244699619244784117e-04
4.723082529380917549e-04 9.092473192140460014e-04
6.992009002715349197e-04 3.434140817262232304e-04
4.877512401435524225e-04 3.592671127989888191e-04
6.601635250262916088e-04 6.167838000692427158e-04
5.414212355390191078e-04 3.622793010435998440e-04
5.186035414226353168e-04 3.040757728740572929e-04
4.889345727860927582e-04 3.990644763689488173e-04
4.796771390829235315e-04 5.501807900145649910e-04
4.604668938554823399e-04 6.613623118028044701e-04
5.655555287376046181e-04 4.896444734185934067e-04
5.971558857709169388e-04 8.774370653554797173e-04
6.446545012295246124e-04 3.448681381996721029e-04
5.236343131400644779e-04 1.259045791812241077e-03
1.165669295005500317e-03 3.909706429112702608e-04
7.142874528653919697e-04 7.384148193523287773e-04
5.326642422005534172e-04 7.798838778398931026e-04
3.943603078369051218e-04 3.819774428848177195e-04
3.682031820062547922e-04 5.621861782856285572e-04
7.241822313517332077e-04 3.948090306948870420e-04
4.443533835001289845e-04 3.589795087464153767e-04
5.282796337269246578e-04 3.776158264372497797e-04
5.809422000311315060e-04 8.563257870264351368e-04
8.485513972118496895e-04 5.459967651404440403e-04
1.744480105116963387e-03 3.022193268407136202e-04
4.122109676245599985e-04 4.134170303586870432e-04
3.742036933545023203e-04 3.868715430144220591e-04
7.011567940935492516e-04 4.556811181828379631e-04
4.718950076494365931e-04 3.062483447138220072e-04
4.525564727373421192e-04 6.804602453485131264e-04
4.217173554934561253e-04 3.106950316578149796e-04
4.330125520937144756e-04 2.906426961999386549e-04
7.013987633399665356e-04 5.970510537736117840e-04
5.147205665707588196e-04 4.672492796089500189e-04
6.089064991101622581e-04 1.766492845490574837e-03
5.967111210338771343e-04 5.550808855332434177e-04
5.118853296153247356e-04 3.775170771405100822e-04
6.995861767791211605e-04 7.943632081151008606e-04
4.906413960270583630e-04 3.120445180684328079e-04
5.972066428512334824e-04 1.045549521222710609e-03
4.898984916508197784e-04 3.098674351349473000e-04
6.458481657318770885e-04 5.580150755122303963e-04
6.033948156982660294e-04 7.647085003554821014e-04
5.299054319038987160e-04 6.278699147514998913e-04
5.716442828997969627e-04 5.316298920661211014e-04
6.705336272716522217e-04 3.045929479412734509e-04
6.153136491775512695e-04 5.140298162586987019e-04
4.247621691320091486e-04 6.003378657624125481e-04
5.335524911060929298e-04 7.142696995288133621e-04
6.686077103950083256e-04 1.925737480632960796e-03
1.682442612946033478e-03 4.275716491974890232e-04
6.380544509738683701e-04 4.707763728220015764e-04
3.940347523894160986e-04 3.104405768681317568e-04
5.076773231849074364e-04 4.818220913875848055e-04
4.332340031396597624e-04 3.330707841087132692e-04
5.747975665144622326e-04 3.512451658025383949e-04
4.252761136740446091e-04 3.947629302274435759e-04
4.290007345844060183e-04 3.052097163163125515e-04
4.370432579889893532e-04 4.345525230746716261e-04
7.068467093631625175e-04 3.757438971661031246e-04
3.957431472372263670e-04 3.277322975918650627e-04
8.436785428784787655e-04 5.193990073166787624e-04
4.337810096330940723e-04 4.095625772606581450e-04
6.634939345531165600e-04 9.643742232583463192e-04
5.068830214440822601e-04 3.070981474593281746e-04
3.486866189632564783e-04 3.924299380742013454e-04
4.349616065155714750e-04 3.741359396371990442e-04
4.373434931039810181e-04 5.230329697951674461e-04
4.601146792992949486e-04 7.744557806290686131e-04
6.907653296366333961e-04 1.011689077131450176e-03
7.182378903962671757e-04 4.091321025043725967e-04
4.924334352836012840e-04 4.949750727973878384e-04
4.740458971355110407e-04 3.200321225449442863e-04
5.084507283754646778e-04 4.565504787024110556e-04
3.950421232730150223e-04 2.965226594824343920e-04
9.176672901958227158e-04 5.326209357008337975e-04
7.464255322702229023e-04 2.341885818168520927e-03
5.681729526259005070e-04 4.130077140871435404e-04
4.975789925083518028e-04 8.289681281894445419e-04
5.451089818961918354e-04 1.233147107996046543e-03
4.688843619078397751e-04 5.159071879461407661e-04
8.007349097169935703e-04 3.711776807904243469e-04
4.261809226591140032e-04 3.193153825122863054e-04
1.040703617036342621e-03 8.883451810106635094e-04
4.384738858789205551e-04 2.889900351874530315e-04
5.823011160828173161e-04 5.069644539617002010e-04
3.910371160600334406e-04 2.629259543027728796e-04
3.585741214919835329e-04 2.892433840315788984e-04
3.989504766650497913e-04 3.949051024392247200e-04
4.338037106208503246e-04 2.808530989568680525e-04
4.319316649343818426e-04 4.639317921828478575e-04
4.236500244587659836e-04 4.026549286209046841e-04
4.723056918010115623e-04 2.921652048826217651e-04
6.320028915069997311e-04 5.737677565775811672e-04
7.062373333610594273e-04 3.694824990816414356e-04
4.362123436294496059e-04 3.573883441276848316e-04
5.516239907592535019e-04 2.977591066155582666e-04
6.017525447532534599e-04 3.293936606496572495e-04
1.690472476184368134e-03 1.356237800791859627e-03
4.913246375508606434e-04 2.768347039818763733e-04
4.368686350062489510e-04 4.459555202629417181e-04
4.615124780684709549e-04 2.844178816303610802e-04
3.723381378222256899e-04 3.660217626020312309e-04
2.044001361355185509e-03 4.051982832606881857e-04
3.805505984928458929e-04 2.702706842683255672e-04
3.516613214742392302e-04 2.712729328777641058e-04
4.776965070050209761e-04 3.651018778327852488e-04
4.537623026408255100e-04 4.079240316059440374e-04
3.442156594246625900e-04 2.784764219541102648e-04
3.746415604837238789e-04 3.930201346520334482e-04
7.285707397386431694e-04 1.129372976720333099e-03
4.781231400556862354e-04 3.332663327455520630e-04
4.320703737903386354e-04 2.811029844451695681e-04
4.153792688157409430e-04 4.651152121368795633e-04
6.674395408481359482e-04 3.090251120738685131e-04
4.736942355521023273e-04 3.062386531382799149e-04
7.348078652285039425e-04 2.083352766931056976e-03
7.955076289363205433e-04 8.645033231005072594e-04
4.002672503702342510e-04 3.028492792509496212e-04
3.694324113894253969e-04 4.591176402755081654e-04
3.268212894909083843e-04 5.959388799965381622e-04
5.808487767353653908e-04 2.772267325781285763e-04
4.995667259208858013e-04 2.555467071942985058e-04
3.801877319347113371e-04 3.162967041134834290e-04
5.403996910899877548e-04 4.948798450641334057e-04
4.163612029515206814e-04 3.480110608506947756e-04
8.442257530987262726e-04 3.447826311457902193e-04
4.650829650927335024e-04 3.958929155487567186e-04
5.063924472779035568e-04 3.809153567999601364e-04
7.335873087868094444e-04 3.391171339899301529e-04
6.014555110596120358e-04 3.000361029990017414e-04
7.824929780326783657e-04 2.835545164998620749e-04
4.545621341094374657e-04 3.087872464675456285e-04
3.531544934958219528e-04 4.014445003122091293e-04
4.173341148998588324e-04 3.158958279527723789e-04
8.224080665968358517e-04 9.745616698637604713e-04
3.925842465832829475e-04 3.116518200840801001e-04
6.024005124345421791e-04 3.684292896650731564e-04
1.118118176236748695e-03 5.909269093535840511e-04
4.406589723657816648e-04 2.744277007877826691e-04
3.650874714367091656e-04 3.654451284091919661e-04
4.138167714700102806e-04 2.528438053559511900e-04
4.011176934000104666e-04 2.497553941793739796e-04
3.984946524724364281e-04 5.107459728606045246e-04
4.964664694853127003e-04 2.512632345315068960e-04
5.192591343075037003e-04 6.055305711925029755e-04
5.052878404967486858e-04 5.537002580240368843e-04
4.023422370664775372e-04 5.756182945333421230e-04
6.028832867741584778e-04 2.824555849656462669e-04
5.816891789436340332e-04 2.652174734976142645e-04
5.224281921982765198e-04 5.965392338111996651e-04
5.469532916322350502e-04 4.218769900035113096e-04
