2.354149580001831055e+00 6.507453918457031250e-01
2.940582931041717529e-01 1.994371116161346436e-01
1.656321287155151367e-01 1.373240798711776733e-01
1.433067768812179565e-01 1.157023385167121887e-01
1.096401885151863098e-01 9.316066652536392212e-02
8.553305268287658691e-02 7.487866282463073730e-02
6.698038429021835327e-02 5.258198082447052002e-02
6.994736194610595703e-02 4.857149720191955566e-02
4.736246168613433838e-02 4.721920192241668701e-02
5.518553406000137329e-02 8.506859093904495239e-02
4.322154447436332703e-02 3.638947010040283203e-02
3.865668550133705139e-02 3.482057899236679077e-02
4.701917245984077454e-02 3.909642621874809265e-02
3.992350026965141296e-02 4.057713225483894348e-02
3.826452046632766724e-02 3.407866507768630981e-02
3.472368419170379639e-02 3.586983308196067810e-02
3.816708922386169434e-02 3.434479981660842896e-02
3.658721596002578735e-02 3.130089864134788513e-02
6.310915201902389526e-02 1.458950787782669067e-01
4.760779812932014465e-02 3.527607768774032593e-02
3.683317080140113831e-02 3.324632346630096436e-02
3.335829824209213257e-02 4.601952433586120605e-02
3.094049915671348572e-02 2.786893397569656372e-02
3.090782649815082550e-02 2.990727871656417847e-02
3.317688405513763428e-02 2.605570666491985321e-02
2.897390536963939667e-02 1.966253481805324554e-02
1.646700687706470490e-02 8.246249519288539886e-03
8.415565825998783112e-03 1.684745773673057556e-02
5.784678272902965546e-03 3.253209171816706657e-03
7.055806927382946014e-03 3.558838739991188049e-03
1.035741064697504044e-02 2.490298822522163391e-03
3.124971641227602959e-03 1.358688343316316605e-03
4.188931081444025040e-03 4.325930960476398468e-03
4.087809007614850998e-03 4.162074532359838486e-03
3.751987824216485023e-03 3.330220235511660576e-03
5.472529679536819458e-03 6.076486781239509583e-03
4.712880123406648636e-03 2.347873058170080185e-03
2.456897404044866562e-03 1.395986531861126423e-03
1.260716933757066727e-03 8.964526350609958172e-04
1.026900368742644787e-03 1.128754578530788422e-03
1.086454722099006176e-03 1.151237403973937035e-03
9.132765699177980423e-04 8.954817312769591808e-04
8.738054311834275723e-04 7.441783091053366661e-04
9.506002534180879593e-04 8.152411319315433502e-04
9.310158202424645424e-04 1.003430923447012901e-03
9.647846454754471779e-04 1.158825703896582127e-03
9.338381350971758366e-04 8.249304955825209618e-04
1.222234102897346020e-03 2.641586121171712875e-03
9.174229344353079796e-04 6.251016748137772083e-04
8.460853132419288158e-04 5.790081922896206379e-04
8.471432374790310860e-04 7.580678793601691723e-04
7.782250177115201950e-04 5.376315675675868988e-04
1.073631690815091133e-03 7.231888594105839729e-04
1.015448127873241901e-03 4.931219737045466900e-04
8.816984482109546661e-04 2.495678840205073357e-03
1.288519357331097126e-03 5.290553090162575245e-04
9.847609326243400574e-04 5.750441341660916805e-04
7.041519274935126305e-04 5.213636322878301144e-04
1.002864795736968517e-03 5.732685094699263573e-04
9.064015466719865799e-04 1.090521807782351971e-03
1.162507804110646248e-03 5.805417313240468502e-04
1.109773642383515835e-03 6.896255072206258774e-04
8.273783605545759201e-04 4.627289017662405968e-04
8.974591619335114956e-04 8.373374002985656261e-04
9.018693235702812672e-04 5.666711367666721344e-04
7.485108799301087856e-04 5.271555273793637753e-04
7.448672549799084663e-04 7.629423635080456734e-04
1.029068604111671448e-03 6.230127182789146900e-04
8.193831890821456909e-04 7.956787012517452240e-04
8.492810302414000034e-04 5.005166167393326759e-04
8.080129045993089676e-04 4.921682993881404400e-04
8.657504804432392120e-04 2.220905153080821037e-03
7.762638269923627377e-04 9.275503689423203468e-04
9.146108641289174557e-04 5.010286113247275352e-04
7.777291466481983662e-04 9.342182893306016922e-04
1.239670440554618835e-03 1.246150233782827854e-03
1.030251849442720413e-03 4.786984645761549473e-04
8.017141954042017460e-04 1.094171311706304550e-03
7.234168006107211113e-04 4.988734144717454910e-04
8.010782185010612011e-04 9.268368594348430634e-04
6.883108871988952160e-04 4.467956023290753365e-04
1.943323644809424877e-03 5.680124741047620773e-04
9.720969828777015209e-04 1.409879187121987343e-03
9.471263037994503975e-04 5.629757069982588291e-04
8.525814046151936054e-04 5.951211787760257721e-04
9.289605659432709217e-04 9.933838155120611191e-04
1.155528705567121506e-03 6.475034751929342747e-04
6.110392278060317039e-04 3.722611290868371725e-04
6.941242609173059464e-04 5.017612711526453495e-04
1.353929284960031509e-03 3.930311358999460936e-04
6.368697504512965679e-04 4.504442622419446707e-04
1.190423849038779736e-03 1.498145400546491146e-03
1.417060848325490952e-03 4.466618702281266451e-04
5.576994153670966625e-04 4.071488801855593920e-04
6.299141678027808666e-04 5.831774906255304813e-04
6.226039840839803219e-04 3.593600413296371698e-04
8.062999113462865353e-04 4.040309868287295103e-04
5.818619392812252045e-04 3.210500872228294611e-04
5.826847627758979797e-04 8.913055644370615482e-04
7.661192794330418110e-04 6.219351198524236679e-04
6.051941891200840473e-04 3.803682920988649130e-04
6.927535869181156158e-04 4.953714669682085514e-04
7.258297991938889027e-04 6.938285077922046185e-04
1.259129028767347336e-03 4.476539033930748701e-04
6.559126195497810841e-04 3.535246651154011488e-04
8.525677258148789406e-04 1.264775870367884636e-03
8.722447673790156841e-04 4.635505029000341892e-04
6.223644595593214035e-04 7.248323527164757252e-04
1.198607962578535080e-03 1.253126654773950577e-03
7.916520698927342892e-04 3.936724679078906775e-04
7.649131002835929394e-04 4.347614885773509741e-04
6.374575896188616753e-04 1.171023468486964703e-03
7.612258195877075195e-04 3.567626408766955137e-04
8.215971756726503372e-04 1.014673034660518169e-03
7.839780300855636597e-04 6.206142716109752655e-04
7.480848580598831177e-04 5.336345057003200054e-04
5.753819714300334454e-04 7.248728652484714985e-04
9.435941465198993683e-04 7.157662883400917053e-03
1.358568202704191208e-03 1.143593923188745975e-03
1.199469785206019878e-03 4.549530858639627695e-04
6.132136913947761059e-04 2.445241203531622887e-03
1.052437000907957554e-03 1.635932247154414654e-03
6.238247733563184738e-04 4.511378356255590916e-04
8.534990483894944191e-04 3.454001562204211950e-04
8.965230081230401993e-04 1.265891594812273979e-03
5.960066337138414383e-04 4.906255053356289864e-04
5.771220894530415535e-04 3.801198326982557774e-04
7.564661791548132896e-04 1.828616834245622158e-03
6.029880605638027191e-04 2.902897249441593885e-04
5.423285183496773243e-04 3.910753875970840454e-04
6.638286868110299110e-04 3.362166171427816153e-04
5.371663137339055538e-04 9.524929919280111790e-04
4.431479610502719879e-03 8.361015934497117996e-04
9.503521723672747612e-04 7.218410610221326351e-04
5.867642466910183430e-04 2.772900916170328856e-04
5.403805407695472240e-04 2.506587770767509937e-04
1.391188707202672958e-03 1.022899290546774864e-03
6.379386759363114834e-04 7.212208001874387264e-04
5.523149156942963600e-04 3.459867148194462061e-04
4.855853039771318436e-04 9.235203033313155174e-04
4.629920003935694695e-04 3.928203950636088848e-04
5.869367159903049469e-04 5.503665306605398655e-04
5.906013539060950279e-04 2.729849074967205524e-04
6.390559719875454903e-04 4.532366001512855291e-04
5.253221606835722923e-04 3.005710022989660501e-04
4.597021616064012051e-04 3.263771359343081713e-04
5.794005701318383217e-04 3.048078215215355158e-04
6.053685792721807957e-04 1.839186297729611397e-03
9.151838021352887154e-04 5.657725851051509380e-04
4.841062473133206367e-04 3.199379425495862961e-04
3.865124308504164219e-04 4.364270134828984737e-04
8.028604788705706596e-04 2.343708416447043419e-03
1.299167168326675892e-03 1.887737424112856388e-03
1.453365548513829708e-03 5.998300621286034584e-04
1.020881114527583122e-03 3.329592873342335224e-04
8.420085068792104721e-04 3.238203644286841154e-04
4.722891026176512241e-04 2.479026443324983120e-04
4.572169564198702574e-04 3.773392236325889826e-04
4.528356657829135656e-04 2.702357305679470301e-04
5.283975624479353428e-04 3.946399374399334192e-04
9.454016108065843582e-04 5.996813415549695492e-04
7.100726943463087082e-04 1.091357902623713017e-03
7.581397658213973045e-04 3.112609556410461664e-04
4.236584063619375229e-04 5.396125488914549351e-04
7.194958743639290333e-04 3.316033689770847559e-04
3.991783305536955595e-04 3.539378813002258539e-04
4.243340226821601391e-04 2.964936720672994852e-04
6.711836904287338257e-04 3.424268215894699097e-04
4.416537994984537363e-04 1.035233610309660435e-03
1.683824229985475540e-03 7.420866284519433975e-03
1.308393781073391438e-03 2.701089833863079548e-04
9.056694107130169868e-04 6.290143355727195740e-04
6.644488312304019928e-04 3.758634265977889299e-04
4.744777397718280554e-04 9.081236203201115131e-04
6.226892583072185516e-04 2.896848600357770920e-04
4.132169124204665422e-04 2.784784592222422361e-04
3.847932675853371620e-04 2.519090485293418169e-04
4.329069051891565323e-04 7.128702709451317787e-04
7.758768042549490929e-04 8.371494477614760399e-04
9.070986998267471790e-04 1.671762554906308651e-03
1.287637511268258095e-03 1.884593279100954533e-03
1.381203066557645798e-03 3.589904226828366518e-04
4.683041479438543320e-04 2.733845030888915062e-04
3.695852356031537056e-04 1.064223237335681915e-03
4.063964006491005421e-04 3.767753660213202238e-04
6.718423683196306229e-04 4.786586214322596788e-04
4.052818985655903816e-04 4.081894876435399055e-04
4.120436205994337797e-04 4.290661599952727556e-04
4.049066046718508005e-04 4.849446413572877645e-04
5.511944182217121124e-04 3.110357502009719610e-04
6.177100003696978092e-04 2.203579759225249290e-03
9.081462048925459385e-04 2.638605947140604258e-04
3.831285575870424509e-04 3.266917192377150059e-04
6.908284849487245083e-04 4.978980286978185177e-04
4.445399681571871042e-04 9.496888378635048866e-04
3.819588455371558666e-04 7.825679494999349117e-04
2.181131625548005104e-03 4.215336230117827654e-04
3.973349812440574169e-04 2.844613336492329836e-04
3.536689619068056345e-04 3.338490205351263285e-04
5.771960713900625706e-04 4.058217746205627918e-04
3.776967932935804129e-04 6.414326489903032780e-04
5.284323706291615963e-04 1.284080324694514275e-03
9.546094224788248539e-04 4.577420186251401901e-04
1.126433955505490303e-03 1.558987540192902088e-03
4.919285420328378677e-04 2.422632387606427073e-04
5.609422805719077587e-04 2.500240516383200884e-04
4.852160054724663496e-04 7.631019689142704010e-04
8.522772113792598248e-04 3.024105390068143606e-04
7.498877239413559437e-04 3.179106861352920532e-04
5.194708937779068947e-04 3.599558549467474222e-04
4.570570308715105057e-04 3.968641685787588358e-04
3.719114465638995171e-04 2.890049945563077927e-04
3.549758403096348047e-04 2.924054861068725586e-04
6.717573269270360470e-04 2.425926504656672478e-04
5.544561427086591721e-04 3.240542428102344275e-04
6.735438364557921886e-04 1.221437240019440651e-03
3.654622996691614389e-04 2.093578223139047623e-04
4.761193704325705767e-04 6.785789155401289463e-04
6.669873255304992199e-04 2.782201045192778111e-04
4.611269687302410603e-04 1.983637193916365504e-04
4.152884357608854771e-04 2.076953533105552197e-04
3.969682147726416588e-04 4.600532702170312405e-04
6.476343260146677494e-04 3.615901223383843899e-04
6.821185234002768993e-04 4.467494436539709568e-04
4.200058756396174431e-04 3.557721793185919523e-04
4.408755630720406771e-04 2.789154823403805494e-04
7.232739590108394623e-04 2.270533586852252483e-04
3.058286674786359072e-04 2.207676880061626434e-04
6.516749272122979164e-04 3.158374165650457144e-04
6.186417303979396820e-04 3.219920035917311907e-04
2.024172572419047356e-03 4.487262631300836802e-04
4.136504139751195908e-04 3.060165327042341232e-04
5.072197527624666691e-04 8.242742624133825302e-04
4.292686935514211655e-04 2.094091760227456689e-04
7.711653597652912140e-04 6.913406541571021080e-04
3.444423491600900888e-04 3.081464965362101793e-04
4.255478561390191317e-04 3.096482832916080952e-04
4.446308303158730268e-04 3.211846051272004843e-04
3.309870371595025063e-04 4.099935467820614576e-04
4.348887014202773571e-04 3.361487179063260555e-04
4.738747666124254465e-04 3.279228403698652983e-04
5.346511607058346272e-04 3.406059404369443655e-04
5.273562273941934109e-04 8.332142024300992489e-04
7.539279758930206299e-04 2.027806331170722842e-04
5.566441104747354984e-04 1.132746925577521324e-03
8.106025052256882191e-04 2.617300953716039658e-03
4.612836346495896578e-04 2.948777691926807165e-04
3.356212109792977571e-04 3.731178003363311291e-04
7.464872323907911777e-04 8.906108560040593147e-04
5.678858724422752857e-04 1.898645423352718353e-04
3.086770884692668915e-04 1.058758352883160114e-03
4.321587330196052790e-04 6.504117627628147602e-04
6.473872927017509937e-04 1.924099517054855824e-03
1.016706693917512894e-03 3.137744497507810593e-04
3.898181021213531494e-04 2.472979540470987558e-04
1.086923293769359589e-03 5.770523566752672195e-04
3.012445522472262383e-04 2.763107477221637964e-04
6.245549302548170090e-04 4.227129684295505285e-04
5.856957868672907352e-04 2.202489558840170503e-04
6.278064101934432983e-04 5.084614385850727558e-04
3.765385481528937817e-04 1.976611965801566839e-04
4.095184558536857367e-04 3.240065998397767544e-04
3.656753106042742729e-04 3.369639744050800800e-04
6.957333534955978394e-04 6.533935666084289551e-04
3.517812874633818865e-04 3.040690207853913307e-04
5.749912234023213387e-04 2.260072069475427270e-04
4.568732110783457756e-04 1.735503901727497578e-04
3.289823653176426888e-04 6.025251350365579128e-04
8.164787432178854942e-04 6.067646318115293980e-04
4.094507603440433741e-04 4.815958964172750711e-04
3.864555037580430508e-04 3.085649805143475533e-04
5.465190624818205833e-04 2.808333083521574736e-04
9.069008519873023033e-04 6.118028541095554829e-04
3.716013452503830194e-04 2.714431029744446278e-04
3.860087308567017317e-04 1.936569897225126624e-04
2.834430488292127848e-04 3.907122300006449223e-04
5.992048536427319050e-04 5.203066975809633732e-04
5.824582185596227646e-04 3.034464549273252487e-03
5.084787844680249691e-04 2.782940573524683714e-04
3.960436151828616858e-04 1.021827920340001583e-03
8.770624408498406410e-04 3.739194944500923157e-04
6.908546201884746552e-04 4.104060644749552011e-04
4.545357369352132082e-04 3.215371980331838131e-04
5.545415915548801422e-04 2.658675948623567820e-04
6.356859812512993813e-04 2.267411473440006375e-04
2.843356051016598940e-04 1.873917499324306846e-04
2.907495654653757811e-04 3.057225840166211128e-04
4.474560264497995377e-04 2.533225924707949162e-04
5.310386186465620995e-04 4.364280321169644594e-04
3.972488630097359419e-04 2.004210109589621425e-04
3.792584175243973732e-04 1.005245489068329334e-03
4.907125839963555336e-04 2.616379060782492161e-04
8.623870671726763248e-04 4.752343811560422182e-04
8.444730192422866821e-04 2.550808712840080261e-04
2.492848725523799658e-04 1.770253729773685336e-04
5.143214366398751736e-04 2.242939808638766408e-04
3.486344357952475548e-04 1.263059442862868309e-03
7.706394535489380360e-04 1.955616055056452751e-03
6.025435286574065685e-04 5.267681553959846497e-04
6.836489774286746979e-04 3.548835520632565022e-04
4.186948644928634167e-04 3.183892695233225822e-04
4.767034261021763086e-04 2.235755237052217126e-04
4.981061792932450771e-04 4.598792002070695162e-04
5.694013671018183231e-04 2.446967118885368109e-04
3.569000982679426670e-04 2.325754758203402162e-04
5.144502501934766769e-04 1.467948779463768005e-03
4.440298071131110191e-04 3.242920211050659418e-04
2.793666790239512920e-04 1.882283977465704083e-04
5.544131272472441196e-04 2.466594160068780184e-04
4.679580451920628548e-04 3.146294911857694387e-04
3.309820604044944048e-04 2.211018290836364031e-04
4.137307114433497190e-04 7.099786307662725449e-04
4.302819725126028061e-03 8.394902106374502182e-04
5.142229492776095867e-04 4.355430428404361010e-04
4.800736496690660715e-04 4.318455467000603676e-04
5.297316820360720158e-04 1.248604618012905121e-03
7.571020978502929211e-04 3.559806791599839926e-04
4.140920937061309814e-04 5.592899979092180729e-04
4.690966452471911907e-04 3.182756772730499506e-04
3.879980358760803938e-04 2.367953129578381777e-04
3.362614370416849852e-04 5.242943880148231983e-04
4.502155352383852005e-04 2.490605693310499191e-04
3.123146016150712967e-04 3.537360171321779490e-04
6.419117562472820282e-04 4.381293838378041983e-04
4.483684897422790527e-04 9.974931599572300911e-04
4.487093829084187746e-04 2.875041391234844923e-04
3.494233533274382353e-04 3.653322928585112095e-04
6.255991756916046143e-04 5.551505018956959248e-04
5.526676541194319725e-04 2.537693071644753218e-04
5.508852191269397736e-04 1.832867856137454510e-04
4.426579689607024193e-04 2.389598375884816051e-04
5.112181534059345722e-04 2.591158554423600435e-04
4.393222043290734291e-04 1.793777337297797203e-04
4.609309544321149588e-04 1.166989561170339584e-03
4.315654514357447624e-04 2.098598197335377336e-04
1.264857011847198009e-03 6.674139294773340225e-04
3.399662673473358154e-04 1.840219774749130011e-04
4.391939146444201469e-04 3.344164870213717222e-04
5.041802069172263145e-04 5.391740705817937851e-04
3.829376073554158211e-04 1.964879484148696065e-04
3.795343218371272087e-04 1.989987067645415664e-04
4.297053674235939980e-04 3.167081158608198166e-04
4.038024053443223238e-04 2.930221962742507458e-04
5.368199199438095093e-04 1.913563173729926348e-04
4.803808114957064390e-04 1.890298590296879411e-04
6.682707462459802628e-04 2.862433029804378748e-04
7.797465659677982330e-04 3.611790307331830263e-04
4.031088901683688164e-04 2.252554550068452954e-04
8.103004656732082367e-04 2.175871486542746425e-04
3.403088194318115711e-04 2.118952688761055470e-04
4.035732999909669161e-04 2.857208601199090481e-04
4.498558409977704287e-04 2.571465738583356142e-04
4.427677777130156755e-04 3.677148197311908007e-04
3.492044634185731411e-04 1.719703868729993701e-04
2.842318208422511816e-04 3.387593023944646120e-04
5.753860459662973881e-04 1.559808733873069286e-03
4.490165447350591421e-04 3.645531833171844482e-04
7.396229193545877934e-04 2.225990028819069266e-04
3.158032195642590523e-04 2.461740805301815271e-04
3.353077918291091919e-04 8.136083488352596760e-04
1.056834240444004536e-03 6.658308557234704494e-04
3.705168783199042082e-04 3.354059299454092979e-04
3.116270527243614197e-04 1.832506532082334161e-04
3.821369027718901634e-04 1.689208584139123559e-04
6.035573314875364304e-04 1.350896782241761684e-03
8.363057859241962433e-04 3.357985115144401789e-04
6.702041719108819962e-04 7.252678624354302883e-04
6.163088255561888218e-04 3.470747265964746475e-03
6.114097777754068375e-04 1.112806261517107487e-03
5.714806611649692059e-04 3.424727474339306355e-04
5.191902164369821548e-04 7.478949846699833870e-04
1.545936334878206253e-03 3.696748754009604454e-04
6.055828416720032692e-04 2.574534446466714144e-04
7.203202694654464722e-04 3.088515659328550100e-04
3.135813167318701744e-04 2.692604321055114269e-04
3.951879334636032581e-04 8.675522985868155956e-04
5.038938252255320549e-04 5.250957328826189041e-04
4.158327064942568541e-04 2.195504930568858981e-04
3.157932660542428493e-04 1.783502084435895085e-04
5.271903355605900288e-04 1.899283088278025389e-04
4.562840622384101152e-04 1.722165499813854694e-03
5.821856320835649967e-04 2.546850009821355343e-04
2.116184914484620094e-04 1.946288102772086859e-04
1.840976765379309654e-04 2.497321693226695061e-04
2.223762567155063152e-04 1.582084369147196412e-04
1.931951264850795269e-04 1.567760773468762636e-04
2.014770143432542682e-04 2.408637519693002105e-04
2.606577181722968817e-04 1.634441287023946643e-04
2.571908989921212196e-04 1.639045949559658766e-04
1.948384451679885387e-04 1.917629560921341181e-04
2.154552785214036703e-04 1.582431723363697529e-04
1.846285595092922449e-04 1.432232529623433948e-04
2.508129109628498554e-04 1.536530326120555401e-04
2.909805334638804197e-04 2.767061814665794373e-04
2.748546539805829525e-04 4.083118110429495573e-04
2.182570315198972821e-04 1.722316228551790118e-04
2.294016885571181774e-04 1.922862866194918752e-04
2.847397408913820982e-04 1.771887764334678650e-04
2.929990587290376425e-04 2.545541501604020596e-04
2.303827495779842138e-04 1.526608830317854881e-04
2.397967618890106678e-04 1.416303857695311308e-04
1.863443612819537520e-04 1.941955561051145196e-04
2.530865313019603491e-04 1.785443600965663791e-04
2.672240370884537697e-04 1.638094108784571290e-04
2.180295559810474515e-04 1.941553200595080853e-04
2.893064229283481836e-04 1.537574571557343006e-04
3.522763145156204700e-04 1.124256290495395660e-03
2.837917709257453680e-04 2.864235430024564266e-04
2.558339328970760107e-04 2.800956426654011011e-04
2.242676418973132968e-04 1.907220866996794939e-04
2.157453855033963919e-04 1.948281715158373117e-04
2.456013753544539213e-04 2.266163355670869350e-04
3.455267869867384434e-04 4.130454908590763807e-04
2.417737996438518167e-04 1.670193596510216594e-04
2.181391173508018255e-04 1.531944144517183304e-04
2.441106335027143359e-04 3.587923129089176655e-04
2.381028753006830812e-04 1.673155929893255234e-04
2.820364898070693016e-04 1.537515345262363553e-04
2.723823999986052513e-04 3.870836808346211910e-04
2.245907817268744111e-04 1.833440182963386178e-04
2.411822933936491609e-04 4.547742428258061409e-04
2.174080873373895884e-04 1.496727054473012686e-04
2.455848734825849533e-04 1.989650918403640389e-04
2.664226922206580639e-04 1.612626510905101895e-04
2.979159471578896046e-04 1.459869963582605124e-04
2.684904320631176233e-04 2.034845965681597590e-04
2.078048855764791369e-04 1.541157398605719209e-04
1.883535151137039065e-04 2.939373953267931938e-04
2.207291545346379280e-04 1.966505806194618344e-04
3.328611783217638731e-04 1.977295178221538663e-04
2.807019918691366911e-04 1.511373848188668489e-04
2.733735600486397743e-04 1.923395175253972411e-04
3.473629476502537727e-04 4.730741784442216158e-04
2.166852791560813785e-04 1.510963193140923977e-04
2.159565192414447665e-04 2.489603357389569283e-04
2.118163538398221135e-04 1.541046949569135904e-04
2.018287341343238950e-04 1.370863174088299274e-04
2.146773185813799500e-04 3.837280673906207085e-04
2.700171608012169600e-04 1.566127320984378457e-04
2.028654853347688913e-04 2.459253882989287376e-04
2.488814061507582664e-04 2.322474319953471422e-04
2.347243716940283775e-04 1.864860387286171317e-04
3.141599881928414106e-04 3.581185301300138235e-04
2.844657574314624071e-04 3.211179573554545641e-04
2.733849105425179005e-04 1.944780378835275769e-04
2.547977492213249207e-04 2.096879761666059494e-04
1.788397930795326829e-04 1.720290747471153736e-04
2.240727335447445512e-04 1.580258976900950074e-04
2.573578676674515009e-04 1.923991221701726317e-04
2.901651023421436548e-04 1.407482923241332173e-04
2.221187460236251354e-04 1.413698628311976790e-04
2.053513744613155723e-04 1.835276198107749224e-04
3.124495560768991709e-04 3.199983329977840185e-04
2.626514178700745106e-04 2.628877118695527315e-04
2.251862024422734976e-04 1.456838799640536308e-04
2.394627226749435067e-04 2.154036628780886531e-04
2.188038779422640800e-04 4.583858244586735964e-04
3.472966200206428766e-04 1.536299678264185786e-04
2.544385788496583700e-04 1.947722048498690128e-04
2.008045121328905225e-04 1.490398281021043658e-04
2.659802848938852549e-04 2.503828727640211582e-04
2.177259739255532622e-04 1.635351509321480989e-04
2.922163112089037895e-04 1.603198033990338445e-04
2.161388692911714315e-04 5.907036829739809036e-04
2.252620615763589740e-04 2.497502719052135944e-04
1.837720774346962571e-04 5.419273511506617069e-04
3.325692960061132908e-04 1.392873236909508705e-04
2.547297044657170773e-04 1.433074939996004105e-04
2.166298072552308440e-04 2.158253919333219528e-04
2.213857515016570687e-04 2.209583035437390208e-04
2.437361108604818583e-04 1.967277494259178638e-04
2.163248573197051883e-04 1.360946916975080967e-04
2.372326853219419718e-04 2.123287413269281387e-04
5.501892301253974438e-04 2.104904706357046962e-04
3.227184351999312639e-04 2.531558275222778320e-04
2.345960383536294103e-04 1.289228384848684072e-04
1.792867260519415140e-04 1.554209011374041438e-04
3.499537415336817503e-04 4.345336928963661194e-04
2.430317545076832175e-04 1.367436198052018881e-04
2.290498232468962669e-04 1.832472335081547499e-04
2.907063171733170748e-04 2.498344692867249250e-04
2.275762963108718395e-04 1.597039226908236742e-04
2.109054330503568053e-04 1.395199215039610863e-04
1.957446220330893993e-04 4.486845282372087240e-04
2.030237810686230659e-04 2.046238223556429148e-04
2.615972480271011591e-04 4.194531065877526999e-04
2.212202380178496242e-04 1.410227123415097594e-04
2.248571108793839812e-04 1.246499596163630486e-04
2.204424090450629592e-04 1.493392192060127854e-04
2.807187847793102264e-04 1.386139629175886512e-04
2.031723997788503766e-04 1.421311171725392342e-04
2.146921906387433410e-04 1.249868801096454263e-04
2.902975538745522499e-04 1.300441217608749866e-04
1.900125062093138695e-04 1.450126292183995247e-04
2.585350302979350090e-04 3.959012392442673445e-04
1.726592017803341150e-04 1.589817547937855124e-04
2.262495981995016336e-04 5.275696166791021824e-04
3.185800451319664717e-04 1.647515600780025125e-04
3.955012653023004532e-04 9.522474720142781734e-04
2.423630503471940756e-04 1.432828285032883286e-04
