2.718422651290893555e+00 3.311464190483093262e-01
2.449798583984375000e-01 2.183038145303726196e-01
1.982234418392181396e-01 1.835179179906845093e-01
1.717400103807449341e-01 1.558988392353057861e-01
1.758567243814468384e-01 1.383650004863739014e-01
1.342187374830245972e-01 1.227450519800186157e-01
1.203803345561027527e-01 9.353798627853393555e-02
9.717695415019989014e-02 7.857472449541091919e-02
8.297929167747497559e-02 6.724847853183746338e-02
7.173582911491394043e-02 5.185596644878387451e-02
5.085703730583190918e-02 5.702733993530273438e-02
4.951614513993263245e-02 3.613261878490447998e-02
3.562781587243080139e-02 3.150087967514991760e-02
3.672631829977035522e-02 2.108672820031642914e-02
2.302613109350204468e-02 1.447949651628732681e-02
1.760781928896903992e-02 1.562272757291793823e-02
1.033754087984561920e-02 1.174053177237510681e-02
9.933345019817352295e-03 1.432578265666961670e-02
8.190869353711605072e-03 7.072156295180320740e-03
9.246010333299636841e-03 8.394290693104267120e-03
5.990843754261732101e-03 4.028838127851486206e-03
5.735636223107576370e-03 3.753914497792720795e-03
5.885451566427946091e-03 6.867382675409317017e-03
1.590670272707939148e-02 1.957063004374504089e-02
6.402734667062759399e-03 2.314080484211444855e-03
7.624731864780187607e-03 5.247788038104772568e-03
5.458457861095666885e-03 5.790634080767631531e-03
9.086892940104007721e-03 3.783480962738394737e-03
4.884072113782167435e-03 2.002659952268004417e-03
3.356182016432285309e-03 4.420681856572628021e-03
4.907899536192417145e-03 2.395841060206294060e-03
6.534008309245109558e-03 1.328230556100606918e-02
3.531834809109568596e-03 1.789457513950765133e-03
4.969268571585416794e-03 1.658648950979113579e-03
2.365396823734045029e-03 1.931036473251879215e-03
2.431278349831700325e-03 2.119448967278003693e-03
5.510870367288589478e-03 5.083214491605758667e-03
5.743396468460559845e-03 2.303484827280044556e-02
1.325566414743661880e-02 1.763663813471794128e-02
5.628357641398906708e-03 1.413295045495033264e-02
3.321257419884204865e-03 1.968820346519351006e-03
2.776188543066382408e-03 7.747708354145288467e-03
3.049423918128013611e-02 6.025687791407108307e-03
3.957707900553941727e-03 3.919517621397972107e-03
2.852619625627994537e-03 1.457837177440524101e-03
1.970996614545583725e-03 1.129638287238776684e-03
1.887449645437300205e-03 1.471540541388094425e-03
1.965506467968225479e-03 2.249801531434059143e-03
2.309876494109630585e-02 1.169740594923496246e-02
1.457868143916130066e-02 3.669755067676305771e-03
3.011944936588406563e-03 4.348067101091146469e-03
3.114061430096626282e-03 2.338952152058482170e-03
3.862926270812749863e-03 3.685754956677556038e-03
3.896987531334161758e-03 1.484623644500970840e-03
2.363039879128336906e-03 1.327747711911797523e-03
5.935771390795707703e-03 1.527206157334148884e-03
3.053478663787245750e-03 6.586118135601282120e-03
2.092472976073622704e-03 2.398421755060553551e-03
1.743798842653632164e-03 1.207468099892139435e-03
9.230723953805863857e-04 7.403243216685950756e-04
9.274589829146862030e-04 8.226371137425303459e-04
7.925635436549782753e-04 7.999299559742212296e-04
9.513199911452829838e-04 6.203376105986535549e-04
8.653442491777241230e-04 8.604347822256386280e-04
1.253604306839406490e-03 1.540020573884248734e-03
8.786513935774564743e-04 7.456933381035923958e-04
7.223059074021875858e-04 6.103843916207551956e-04
8.378912461921572685e-04 5.354559980332851410e-04
7.790263043716549873e-04 5.716423038393259048e-04
7.666131714358925819e-04 6.163046928122639656e-04
1.036677975207567215e-03 5.096346721984446049e-04
9.426174219697713852e-04 5.650215898640453815e-04
8.332822471857070923e-04 7.611491018906235695e-04
7.395388092845678329e-04 4.654656222555786371e-04
8.224232005886733532e-04 6.798958638682961464e-04
7.465654052793979645e-04 5.061890115030109882e-04
9.224120294675230980e-04 5.364601383917033672e-04
7.378883892670273781e-04 4.929994465783238411e-04
7.333850953727960587e-04 4.529703874140977859e-04
7.998232613317668438e-04 1.119799097068607807e-03
7.190107717178761959e-04 6.385631859302520752e-04
7.067837286740541458e-04 4.399932222440838814e-04
1.158359344117343426e-03 1.884336932562291622e-03
9.442209266126155853e-04 4.726961487904191017e-04
8.257071021944284439e-04 3.887497296091169119e-04
6.903825560584664345e-04 4.865642404183745384e-04
7.122573442757129669e-04 5.344171659089624882e-04
7.052551954984664917e-04 7.874845177866518497e-04
7.976025226525962353e-04 6.437718984670937061e-04
6.064822082407772541e-04 3.822285216301679611e-04
9.564807987771928310e-04 5.984862218610942364e-04
7.938234484754502773e-04 4.747529746964573860e-04
6.300301756709814072e-04 6.593700964003801346e-04
8.298020693473517895e-04 5.915524088777601719e-04
6.509963423013687134e-04 3.445362381171435118e-04
6.933254771865904331e-04 1.067089731805026531e-03
7.410419057123363018e-04 3.472660901024937630e-04
9.279012447223067284e-04 3.921462339349091053e-04
7.590436725877225399e-04 1.530005247332155704e-03
1.283357618376612663e-03 3.976078005507588387e-04
9.390938794240355492e-04 3.588858526200056076e-04
7.312698871828615665e-04 4.385189095046371222e-04
8.013414335437119007e-04 9.323022095486521721e-04
8.826511912047863007e-04 9.443453745916485786e-04
1.134912017732858658e-03 3.733801131602376699e-04
5.829102010466158390e-04 3.577117749955505133e-04
8.157664560712873936e-04 1.207572058774530888e-03
7.907662657089531422e-04 3.373044310137629509e-04
8.130464120768010616e-04 1.859615091234445572e-03
7.716058753430843353e-04 2.946855383925139904e-04
7.251442293636500835e-04 5.670614773407578468e-04
7.707675686106085777e-04 4.326418857090175152e-04
6.710627931170165539e-04 4.845268558710813522e-04
9.789443574845790863e-04 3.246981941629201174e-04
9.464994072914123535e-04 4.288270429242402315e-04
8.870190940797328949e-04 1.086008269339799881e-03
5.683507188223302364e-04 3.425311297178268433e-04
4.113142204005271196e-04 5.098495748825371265e-04
8.605847251601517200e-04 2.245581476017832756e-03
5.852360627613961697e-04 2.952573704533278942e-04
8.674622513353824615e-04 3.117110172752290964e-04
6.853868835605680943e-04 1.213298761285841465e-03
1.796678290702402592e-03 2.945838496088981628e-04
9.399394621141254902e-04 4.728710337076336145e-04
5.051266052760183811e-04 4.144347331020981073e-04
7.997656357474625111e-04 2.831989841070026159e-04
4.156570648774504662e-04 3.693820617627352476e-04
6.958522135391831398e-04 2.869258169084787369e-04
4.552082973532378674e-04 4.638462560251355171e-04
5.413853796198964119e-04 4.685230087488889694e-04
5.081729032099246979e-04 2.190587343648076057e-03
8.303758222609758377e-04 5.618495633825659752e-04
7.728929631412029266e-04 2.392875903751701117e-04
6.397560355253517628e-04 1.756557147018611431e-03
5.419539520516991615e-04 6.456360570155084133e-04
7.014279835857450962e-04 4.920022329315543175e-04
5.217086290940642357e-04 3.087476652581244707e-04
5.626165657304227352e-04 4.739019495900720358e-04
6.153831491246819496e-04 2.433378540445119143e-04
6.917639984749257565e-04 1.656404812820255756e-03
1.024415832944214344e-03 5.060608382336795330e-04
6.011964869685471058e-04 6.194880697876214981e-04
6.393938674591481686e-04 3.653913445305079222e-04
6.172315333969891071e-04 5.707765812985599041e-04
6.084956112317740917e-04 3.204834647476673126e-04
5.656584980897605419e-04 7.203574059531092644e-04
1.441120635718107224e-03 1.091851270757615566e-03
5.119586712680757046e-04 3.947147633880376816e-04
4.916083998978137970e-04 2.874520141631364822e-04
4.362706386018544436e-04 6.895610713399946690e-04
6.280046072788536549e-04 8.413016330450773239e-04
5.708722746931016445e-04 2.839652879629284143e-04
5.906732985749840736e-04 9.411228820681571960e-04
6.933659897185862064e-04 1.018263748846948147e-03
7.577081560157239437e-04 2.554882958065718412e-04
4.474004090297967196e-04 2.425645070616155863e-04
4.548842553049325943e-04 2.260587207274511456e-04
4.555755003821104765e-04 2.861237444449216127e-04
7.851851987652480602e-04 2.544304879847913980e-04
3.978013992309570312e-04 2.161281881853938103e-04
5.594145040959119797e-04 2.579823485575616360e-04
5.127370823174715042e-04 5.760942003689706326e-04
7.609546300955116749e-04 6.907481001690030098e-04
1.111542922444641590e-03 4.584148118738085032e-04
6.860169814899563789e-04 8.757320465520024300e-04
7.051916327327489853e-04 2.767090045381337404e-04
4.467848048079758883e-04 2.263044298160821199e-04
5.322028882801532745e-04 5.361436051316559315e-04
5.510041373781859875e-04 8.613342652097344398e-04
7.787579088471829891e-04 1.255793962627649307e-03
8.128435001708567142e-04 1.014298642985522747e-03
6.358262617141008377e-04 2.457235823385417461e-04
5.269532557576894760e-04 6.252024322748184204e-04
1.201873645186424255e-03 6.692221504636108875e-04
5.560992867685854435e-04 5.866337451152503490e-04
6.360534462146461010e-04 8.843816467560827732e-04
5.752654396928846836e-04 2.398172946413978934e-04
8.575525134801864624e-04 2.735288289841264486e-04
4.491595900617539883e-04 3.288594889454543591e-04
4.940099315717816353e-04 6.280902307480573654e-04
4.882091598119586706e-04 2.704985672608017921e-04
4.527620912995189428e-04 2.979710698127746582e-04
4.750012885779142380e-04 3.392130602151155472e-04
5.386783159337937832e-04 2.257017884403467178e-03
1.132988836616277695e-03 2.915287914220243692e-04
4.485074314288794994e-04 4.650890186894685030e-04
5.750251002609729767e-04 1.401172834448516369e-03
4.446333332452923059e-04 5.055814399383962154e-04
3.961662587244063616e-04 5.086301825940608978e-04
6.812355131842195988e-04 4.326299240346997976e-04
5.087290192022919655e-04 2.265279879793524742e-03
6.382096325978636742e-04 2.261252666357904673e-04
3.905378398485481739e-04 3.001067670993506908e-04
5.834486801177263260e-04 2.543387236073613167e-04
7.411053520627319813e-04 7.505994872190058231e-04
9.078016155399382114e-04 6.453822134062647820e-04
1.326305442489683628e-03 2.722194185480475426e-04
5.014446214772760868e-04 3.285455168224871159e-04
4.425851220730692148e-04 2.820108493324369192e-04
3.989052784163504839e-04 1.791879185475409031e-04
1.533893984742462635e-03 3.624593955464661121e-04
6.694283802062273026e-04 2.861548855435103178e-04
3.422050504013895988e-04 3.798319376073777676e-04
5.547596374526619911e-04 2.179260045522823930e-04
4.008928372059017420e-04 1.823876373236998916e-04
4.150863387621939182e-04 1.827554369810968637e-04
4.675497184507548809e-04 1.159304636530578136e-03
6.289919256232678890e-04 2.190781669924035668e-04
5.088113830424845219e-04 7.959480863064527512e-04
5.904349964112043381e-04 1.292809494771063328e-03
4.081797087565064430e-04 1.883892837213352323e-04
5.094222142361104488e-04 2.941697894129902124e-04
4.578423395287245512e-04 1.177303725853562355e-03
7.148092263378202915e-04 2.292835270054638386e-04
1.999407773837447166e-03 1.935806358233094215e-03
5.349809071049094200e-04 2.072283823508769274e-04
3.569875261746346951e-04 2.976600371766835451e-04
4.956349148415029049e-04 2.055872173514217138e-04
4.425149818416684866e-04 4.367198271211236715e-04
5.832955939695239067e-04 5.341871292330324650e-04
4.607440787367522717e-04 7.639140821993350983e-04
5.031717009842395782e-04 1.779484678991138935e-03
5.036031361669301987e-04 2.287395473103970289e-04
5.427994765341281891e-04 9.190168348141014576e-04
1.190895913168787956e-03 3.602354554459452629e-04
4.091448790859431028e-04 1.553702750243246555e-04
3.100278845522552729e-04 2.751754363998770714e-04
3.355994704179465771e-04 2.665409701876342297e-04
5.720148328691720963e-04 2.143017045455053449e-04
6.311900797300040722e-04 2.514770894777029753e-04
3.362389397807419300e-04 2.304490189999341965e-04
1.048983656801283360e-03 2.997586852870881557e-04
3.899181028828024864e-04 9.589288965798914433e-04
9.750200551934540272e-04 7.629959727637469769e-04
3.425754257477819920e-04 2.711303532123565674e-04
7.698722765780985355e-04 1.639761845581233501e-03
5.925193545408546925e-04 2.687347878236323595e-04
3.637465124484151602e-04 2.416958304820582271e-04
6.822622381150722504e-04 3.481770399957895279e-04
3.314981877338141203e-04 1.614305947441607714e-04
3.554860595613718033e-04 1.087876386009156704e-03
3.331671177875250578e-04 6.284494302235543728e-04
7.806840585544705391e-04 2.200076560257002711e-04
3.242691163904964924e-04 3.959705063607543707e-04
5.792552838101983070e-04 4.431545094121247530e-04
3.566139494068920612e-04 4.535767948254942894e-04
3.400736313778907061e-04 5.071868072263896465e-04
3.630827995948493481e-04 2.089337649522349238e-04
3.947276854887604713e-04 3.463601751718670130e-04
9.699601796455681324e-04 2.047181624220684171e-04
3.911273088306188583e-04 1.779309968696907163e-04
3.422920126467943192e-04 3.427750489208847284e-04
4.380381433293223381e-04 2.044752181973308325e-04
7.836408331058919430e-04 6.943908520042896271e-04
5.284633953124284744e-04 1.730531803332269192e-04
5.150217330083250999e-04 4.278791893739253283e-04
5.069709732197225094e-04 5.151930963620543480e-04
7.292524096556007862e-04 7.054979796521365643e-04
5.762965301983058453e-04 2.732585708145052195e-04
5.872576148249208927e-04 1.853754220064729452e-04
2.903937129303812981e-04 1.626357989152893424e-04
4.486084217205643654e-04 2.351485600229352713e-04
3.118783060926944017e-04 2.003311237785965204e-04
4.013077996205538511e-04 4.276851832401007414e-04
5.138255073688924313e-04 7.740859291516244411e-04
2.724615333136171103e-04 2.427312283543869853e-04
3.056982532143592834e-04 1.823828497435897589e-04
4.636823141481727362e-04 1.747919741319492459e-04
6.113591953180730343e-04 1.609484606888145208e-04
5.360576324164867401e-04 6.644115783274173737e-04
3.346953308209776878e-04 2.385547413723543286e-04
3.139516629744321108e-04 4.593936610035598278e-04
4.233748186379671097e-04 1.958184293471276760e-04
1.423550304025411606e-03 5.217703059315681458e-03
1.236976590007543564e-03 1.541045203339308500e-04
2.969479828607290983e-04 3.351932973600924015e-04
3.734586352948099375e-04 5.049688625149428844e-04
3.181865322403609753e-04 1.630488113733008504e-04
2.871869655791670084e-04 3.069297818001359701e-04
3.532963746692985296e-04 5.696194712072610855e-04
6.758161471225321293e-04 5.391854792833328247e-04
4.341928288340568542e-04 6.121580954641103745e-04
3.549440880306065083e-04 3.201936197001487017e-04
3.343171556480228901e-04 2.357673511141911149e-04
3.461207088548690081e-04 1.906358811538666487e-04
7.607907755300402641e-04 1.794004056137055159e-04
3.778281388804316521e-04 2.301221393281593919e-04
3.741375403478741646e-04 2.742649230640381575e-04
3.834865638054907322e-04 1.861085911514237523e-04
8.095678058452904224e-04 2.725229132920503616e-04
7.039899355731904507e-04 1.561594835948199034e-04
4.020552441943436861e-04 3.553438000380992889e-04
1.279010204598307610e-03 2.409716689726337790e-04
3.154184378217905760e-04 1.723732857499271631e-04
3.054329717997461557e-04 2.063143037958070636e-04
7.806906360201537609e-04 1.994740741793066263e-04
4.240200796630233526e-04 1.970005250768736005e-04
4.023055080324411392e-04 2.012683107750490308e-04
3.151573473587632179e-04 2.118726988555863500e-04
3.741284017451107502e-04 2.751618449110537767e-04
4.505999677348881960e-04 1.780822058208286762e-04
1.221769372932612896e-03 1.749133341945707798e-03
6.260329391807317734e-04 1.896903413580730557e-04
3.717829531524330378e-04 3.032769600395113230e-04
4.899699706584215164e-04 5.931573105044662952e-04
4.043797089252620935e-04 1.849957334343343973e-04
3.066575154662132263e-04 3.410243953112512827e-04
3.911980311386287212e-04 5.680245230905711651e-04
4.105289699509739876e-04 4.045069508720189333e-04
4.638112732209265232e-04 1.729943323880434036e-04
7.117606583051383495e-04 1.969730801647529006e-04
3.121959744021296501e-04 2.541273133829236031e-04
2.907117595896124840e-04 1.520951045677065849e-04
3.260722151026129723e-04 5.932162166573107243e-04
1.510941539891064167e-03 1.260249759070575237e-03
4.609429161064326763e-04 3.470868396107107401e-04
6.259597721509635448e-04 2.560368156991899014e-04
3.807300236076116562e-04 2.384102408541366458e-04
5.288342363201081753e-04 1.518719218438491225e-04
3.380473062861710787e-04 5.102654104121029377e-04
6.503172917291522026e-04 3.360274713486433029e-04
3.104270726907998323e-04 4.198832612019032240e-04
4.995878553017973900e-04 2.250767778605222702e-03
1.934065483510494232e-03 1.978132931981235743e-04
2.062467974610626698e-04 1.369415404042229056e-04
3.266797866672277451e-04 2.174280525650829077e-04
2.703607024159282446e-04 4.660264530684798956e-04
3.550356486812233925e-04 1.007793704047799110e-03
5.290788831189274788e-04 3.462695458438247442e-04
3.569974796846508980e-04 1.777166908141225576e-04
9.784338762983679771e-04 2.187485573813319206e-03
6.640654173679649830e-04 2.325300883967429399e-04
3.049905935768038034e-04 2.001026587095111609e-04
8.173811947926878929e-04 4.811604740098118782e-04
2.921338891610503197e-04 2.002070104936137795e-04
3.083424235228449106e-04 4.937312332913279533e-04
3.196634061168879271e-04 3.384120936971157789e-04
5.685649230144917965e-04 2.346724359085783362e-04
6.601802888326346874e-04 2.067245513899251819e-04
4.023384244646877050e-04 7.094115717336535454e-04
4.606490547303110361e-04 1.073423773050308228e-03
3.956967557314783335e-04 9.194235317409038544e-04
3.512020921334624290e-04 7.630755426362156868e-04
3.226394183002412319e-04 2.541634021326899529e-04
3.528071683831512928e-04 1.716980332275852561e-04
3.832610091194510460e-04 5.124591989442706108e-04
4.736020346172153950e-04 1.443592482246458530e-04
4.064870299771428108e-04 3.496030112728476524e-04
3.725238202605396509e-04 2.712935092858970165e-04
8.480309043079614639e-04 1.658003311604261398e-04
8.014978375285863876e-04 2.676114090718328953e-04
2.650002134032547474e-04 1.617312227608636022e-04
2.779444912448525429e-04 1.379296882078051567e-04
2.417775831418111920e-04 5.526526947505772114e-04
3.857294213958084583e-04 5.324400844983756542e-04
4.370201495476067066e-04 2.713951980695128441e-04
4.999852390028536320e-04 3.496953286230564117e-04
3.108658420387655497e-04 3.862414450850337744e-04
5.031067412346601486e-04 9.732322650961577892e-04
3.923272306565195322e-04 3.309818275738507509e-04
3.988417156506329775e-04 1.648927282076328993e-04
4.976649070158600807e-04 3.392887883819639683e-04
8.960241684690117836e-04 1.566915307193994522e-04
2.707540406845510006e-04 4.924056120216846466e-04
3.477192658465355635e-04 3.341773117426782846e-04
3.505772328935563564e-04 3.910579252988100052e-04
5.243776831775903702e-04 1.525444968137890100e-04
3.860081487800925970e-04 1.544555416330695152e-04
2.586560731288045645e-04 1.492009469075128436e-04
1.167430309578776360e-03 7.973369210958480835e-04
5.860500968992710114e-04 1.577896910021081567e-04
6.500894087366759777e-04 2.998715208377689123e-04
2.981721481774002314e-04 3.636864421423524618e-04
2.744768862612545490e-04 2.549580240156501532e-04
7.802167674526572227e-04 1.624750293558463454e-04
3.675518673844635487e-04 2.237329899799078703e-04
3.581336059141904116e-04 5.424207774922251701e-04
3.631977015174925327e-04 1.850088156061246991e-04
2.780940267257392406e-04 1.948264980455860496e-04
7.372947875410318375e-04 1.368921832181513309e-03
2.969686465803533792e-04 3.377259126864373684e-04
3.433105594012886286e-04 2.378506615059450269e-04
7.399621536023914814e-04 2.499661059118807316e-04
1.654646039241924882e-04 1.355521962977945805e-04
1.627779129194095731e-04 2.001398534048348665e-04
1.722357555991038680e-04 1.222050632350146770e-04
1.698723499430343509e-04 1.743681204970926046e-04
1.796150754671543837e-04 1.562848337925970554e-04
1.710496435407549143e-04 1.430570264346897602e-04
1.953741884790360928e-04 1.259395066881552339e-04
2.301509375683963299e-04 1.421488414052873850e-04
1.803387713152915239e-04 1.303337630815804005e-04
1.958918583113700151e-04 1.964792754733934999e-04
1.659195113461464643e-04 1.661908609094098210e-04
2.687317028176039457e-04 1.741613523336127400e-04
1.657411048654466867e-04 1.448578841518610716e-04
2.193044347222894430e-04 5.580645520240068436e-04
2.440414245938882232e-04 2.502241113688796759e-04
2.997043775394558907e-04 1.761441526468843222e-04
2.100957499351352453e-04 2.638168225530534983e-04
2.458191593177616596e-04 1.754269469529390335e-04
1.817430747905746102e-04 1.334178377874195576e-04
2.352055162191390991e-04 1.274886308237910271e-04
2.621730091050267220e-04 2.026376314461231232e-04
2.237306034658104181e-04 1.421725464751943946e-04
2.579019055701792240e-04 2.164737816201522946e-04
2.042007254203781486e-04 2.337647601962089539e-04
1.931437436724081635e-04 1.367329095955938101e-04
1.664476585574448109e-04 2.939335245173424482e-04
2.408917644061148167e-04 1.826070656534284353e-04
2.190495870308950543e-04 2.524291339796036482e-04
2.508145698811858892e-04 1.333078689640387893e-04
1.821684709284454584e-04 1.738072169246152043e-04
1.786062930477783084e-04 1.394990686094388366e-04
2.178053982788696885e-04 1.968208525795489550e-04
2.023352280957624316e-04 3.834811795968562365e-04
2.283450157847255468e-04 3.029444778803735971e-04
2.543223963584750891e-04 1.657704415265470743e-04
2.845040289685130119e-04 1.489793648943305016e-04
2.610147057566791773e-04 1.925709220813587308e-04
3.227545239496976137e-04 2.191200765082612634e-04
3.272345347795635462e-04 1.346995995845645666e-04
1.931372971739619970e-04 1.359736634185537696e-04
1.956069027073681355e-04 1.415415608789771795e-04
2.042289852397516370e-04 2.665099164005368948e-04
2.168962237192317843e-04 3.109763492830097675e-04
2.167179773095995188e-04 3.650686121545732021e-04
3.614658780861645937e-04 4.679540288634598255e-04
2.295999292982742190e-04 1.386190997436642647e-04
2.078571560559794307e-04 1.873993169283494353e-04
1.841536723077297211e-04 1.535654155304655433e-04
1.834053546190261841e-04 1.888822007458657026e-04
2.485936274752020836e-04 2.483845164533704519e-04
2.256176376249641180e-04 2.411588793620467186e-04
3.785373701248317957e-04 2.140181168215349317e-04
3.480178129393607378e-04 2.229027013527229428e-04
2.019499224843457341e-04 2.799812937155365944e-04
1.717144623398780823e-04 1.242140133399516344e-04
2.038125094259157777e-04 1.413891732227057219e-04
1.813642156776040792e-04 1.435657177353277802e-04
2.012964687310159206e-04 1.419553009327501059e-04
1.825406798161566257e-04 2.962427097372710705e-04
3.713686310220509768e-04 1.708400814095512033e-04
2.060129190795123577e-04 1.355580316158011556e-04
2.060165570583194494e-04 1.888134283944964409e-04
2.761198556981980801e-04 1.999051892198622227e-04
2.057196979876607656e-04 1.461647480027750134e-04
1.951366139110177755e-04 1.540282246423885226e-04
1.600244431756436825e-04 1.250041095772758126e-04
2.158150309696793556e-04 1.359851885354146361e-04
2.107212640112265944e-04 1.616428344277665019e-04
2.719583862926810980e-04 2.150943473679944873e-04
1.823694619815796614e-04 1.518398639746010303e-04
1.684286398813128471e-04 1.491289440309628844e-04
1.870126288849860430e-04 1.497023185947909951e-04
1.762587780831381679e-04 1.291934895562008023e-04
1.943238894455134869e-04 1.392418198520317674e-04
2.454155473969876766e-04 2.100498240906745195e-04
2.336460747756063938e-04 1.592924236319959164e-04
2.305066736880689859e-04 1.228614855790510774e-04
2.106485771946609020e-04 9.558669407851994038e-04
2.086976310238242149e-04 2.566835901234298944e-04
1.947777927853167057e-04 2.136058756150305271e-04
2.152208035113289952e-04 1.651174388825893402e-04
1.746402849676087499e-04 1.363709452562034130e-04
2.235510619357228279e-04 1.765315682860091329e-04
2.297399187227711082e-04 4.115717893000692129e-04
2.822551759891211987e-04 2.727767860051244497e-04
1.806686195777729154e-04 2.678083546925336123e-04
2.337844052817672491e-04 1.837894815253093839e-04
2.078300749417394400e-04 1.443773071514442563e-04
2.844640403054654598e-04 8.588767959736287594e-04
3.073976549785584211e-04 6.364506552927196026e-04
2.202675241278484464e-04 2.244515635538846254e-04
1.917651825351640582e-04 1.295191614190116525e-04
1.753096585161983967e-04 3.394658851902931929e-04
1.840705226641148329e-04 1.338756410405039787e-04
1.624432916287332773e-04 1.334925036644563079e-04
2.221618196927011013e-04 1.682350120972841978e-04
1.931147271534428000e-04 1.689493947196751833e-04
3.191074065398424864e-04 1.276722759939730167e-04
2.962556027341634035e-04 6.843711598776280880e-04
2.937528188340365887e-04 1.533794129500165582e-04
1.937206252478063107e-04 1.336940476903691888e-04
1.729049545247107744e-04 2.251401747344061732e-04
2.934516815003007650e-04 2.273418940603733063e-04
2.086438034893944860e-04 1.328424841631203890e-04
2.098628901876509190e-04 2.369113790336996317e-04
2.449006715323776007e-04 2.425188868073746562e-04
1.467653346480801702e-04 1.294420944759622216e-04
1.698460837360471487e-04 1.596620131749659777e-04
3.524415951687842607e-04 2.087362809106707573e-04
1.870278065325692296e-04 1.487393019488081336e-04
3.371708153281360865e-04 3.869861538987606764e-04
2.608567592687904835e-04 3.806656750384718180e-04
1.930590515257790685e-04 1.389438402839004993e-04
1.552918256493285298e-04 1.455149322282522917e-04
2.009418967645615339e-04 6.345447618514299393e-04
2.568152267485857010e-04 1.215055017382837832e-04
2.218155132140964270e-04 1.316084380960091949e-04
