2.663506507873535156e+00 7.963032126426696777e-01
4.630001485347747803e-01 1.652189791202545166e-01
1.593338251113891602e-01 1.249051690101623535e-01
1.162657663226127625e-01 9.418823570013046265e-02
8.966784179210662842e-02 1.170404180884361267e-01
7.252363115549087524e-02 7.024458050727844238e-02
6.436176598072052002e-02 5.109120905399322510e-02
4.780178889632225037e-02 3.919143229722976685e-02
4.535692557692527771e-02 3.726863488554954529e-02
4.326638579368591309e-02 3.403585776686668396e-02
4.220269992947578430e-02 3.373685479164123535e-02
3.933667019009590149e-02 3.130025044083595276e-02
3.452161327004432678e-02 4.466215893626213074e-02
3.651196882128715515e-02 2.835824154317378998e-02
3.422400355339050293e-02 2.778234519064426422e-02
3.239774331450462341e-02 2.848838083446025848e-02
3.337141498923301697e-02 2.762978337705135345e-02
3.283496201038360596e-02 2.605979517102241516e-02
3.149909898638725281e-02 2.622974105179309845e-02
3.185456246137619019e-02 2.815444767475128174e-02
3.170282766222953796e-02 3.052598610520362854e-02
3.263974562287330627e-02 2.817189507186412811e-02
3.154139593243598938e-02 2.520377375185489655e-02
3.553632274270057678e-02 3.607765957713127136e-02
3.220984339714050293e-02 2.613776922225952148e-02
3.385792300105094910e-02 3.024640865623950958e-02
3.190894797444343567e-02 2.871223725378513336e-02
3.139120712876319885e-02 2.795101329684257507e-02
3.414710611104965210e-02 3.193011879920959473e-02
3.216938301920890808e-02 2.894833311438560486e-02
3.331453725695610046e-02 2.674409560859203339e-02
3.159941732883453369e-02 2.727957814931869507e-02
3.369760140776634216e-02 2.625515125691890717e-02
3.059590607881546021e-02 2.536238916218280792e-02
3.132133930921554565e-02 3.299246728420257568e-02
3.311792388558387756e-02 3.237041831016540527e-02
3.285471349954605103e-02 4.309839010238647461e-02
3.525433316826820374e-02 2.493960596621036530e-02
3.160886839032173157e-02 2.827868610620498657e-02
3.136681765317916870e-02 2.605214901268482208e-02
2.992823906242847443e-02 2.736422233283519745e-02
3.124637529253959656e-02 2.627854607999324799e-02
2.983076125383377075e-02 2.722416445612907410e-02
3.203653544187545776e-02 2.702186070382595062e-02
3.417657315731048584e-02 3.823922947049140930e-02
3.602303564548492432e-02 3.340706974267959595e-02
3.479304537177085876e-02 2.536671049892902374e-02
3.071985393762588501e-02 2.734930068254470825e-02
3.526781499385833740e-02 4.538188502192497253e-02
3.385551273822784424e-02 2.995222993195056915e-02
3.140650689601898193e-02 2.565315365791320801e-02
2.984068356454372406e-02 2.550133317708969116e-02
3.060894086956977844e-02 2.577873133122920990e-02
3.063008934259414673e-02 2.767853438854217529e-02
3.183629363775253296e-02 2.516322582960128784e-02
3.098936565220355988e-02 2.470210194587707520e-02
3.466484695672988892e-02 2.656392566859722137e-02
3.371542319655418396e-02 2.631218731403350830e-02
2.851516194641590118e-02 2.514523267745971680e-02
3.125753253698348999e-02 2.826610952615737915e-02
3.036681376397609711e-02 2.607258222997188568e-02
3.181160613894462585e-02 2.629952318966388702e-02
3.164897486567497253e-02 5.746821686625480652e-02
3.279424458742141724e-02 2.526080049574375153e-02
2.967622317373752594e-02 2.499919198453426361e-02
3.012917004525661469e-02 2.456041239202022552e-02
3.254889696836471558e-02 2.915107458829879761e-02
3.142530843615531921e-02 2.823196537792682648e-02
3.215034306049346924e-02 2.988916449248790741e-02
3.042733110487461090e-02 3.982093557715415955e-02
3.108485974371433258e-02 2.606240473687648773e-02
2.968906611204147339e-02 2.640765719115734100e-02
3.091492503881454468e-02 2.527067624032497406e-02
3.117093630135059357e-02 2.545827440917491913e-02
2.991781197488307953e-02 2.451891638338565826e-02
2.981298230588436127e-02 3.096395172178745270e-02
3.453741967678070068e-02 2.958941832184791565e-02
3.310319036245346069e-02 2.442596293985843658e-02
2.928877994418144226e-02 2.737165056169033051e-02
2.889008820056915283e-02 2.532601915299892426e-02
3.084124997258186340e-02 2.623578719794750214e-02
3.467910364270210266e-02 2.586279064416885376e-02
3.146867454051971436e-02 4.083307832479476929e-02
4.511143267154693604e-02 2.794777974486351013e-02
2.996955439448356628e-02 2.558578923344612122e-02
2.988193742930889130e-02 2.797787450253963470e-02
2.963443100452423096e-02 2.525288425385951996e-02
2.918008528649806976e-02 2.551274001598358154e-02
3.100757300853729248e-02 3.790475428104400635e-02
3.205898031592369080e-02 2.691931836307048798e-02
3.178524225950241089e-02 2.972883731126785278e-02
2.964581921696662903e-02 2.464886382222175598e-02
2.998597547411918640e-02 2.436837181448936462e-02
3.014254756271839142e-02 2.704640477895736694e-02
3.352282941341400146e-02 3.338415548205375671e-02
3.022332489490509033e-02 2.459990046918392181e-02
3.058988787233829498e-02 2.859088778495788574e-02
3.264826163649559021e-02 2.580493688583374023e-02
3.270412981510162354e-02 2.447865158319473267e-02
3.020284138619899750e-02 3.299828246235847473e-02
3.035870753228664398e-02 2.651262283325195312e-02
3.913390263915061951e-02 3.418598696589469910e-02
3.390995785593986511e-02 2.850081399083137512e-02
3.329397737979888916e-02 2.599703520536422729e-02
3.077390603721141815e-02 2.648913674056529999e-02
3.087621927261352539e-02 2.553504332900047302e-02
3.093906119465827942e-02 2.492250315845012665e-02
3.144990652799606323e-02 2.971136383712291718e-02
3.027915023267269135e-02 2.521688491106033325e-02
3.049224428832530975e-02 3.434342890977859497e-02
3.122145123779773712e-02 2.466725371778011322e-02
2.958032675087451935e-02 2.828264981508255005e-02
2.954012900590896606e-02 2.630401588976383209e-02
2.839788235723972321e-02 2.460474148392677307e-02
2.882186882197856903e-02 2.510027401149272919e-02
3.140921890735626221e-02 2.580409497022628784e-02
2.981434017419815063e-02 2.589145116508007050e-02
3.229100257158279419e-02 2.506503090262413025e-02
2.927363477647304535e-02 2.558619901537895203e-02
2.952348440885543823e-02 2.586662583053112030e-02
3.095117956399917603e-02 2.643704228103160858e-02
3.095830418169498444e-02 2.580307237803936005e-02
4.545082896947860718e-02 2.723501808941364288e-02
3.173273429274559021e-02 2.819697745144367218e-02
2.952246367931365967e-02 2.439313195645809174e-02
2.994363754987716675e-02 2.477039210498332977e-02
2.936831675469875336e-02 2.616774477064609528e-02
2.966084703803062439e-02 2.548700384795665741e-02
2.924495376646518707e-02 2.438048273324966431e-02
2.877310663461685181e-02 2.510144002735614777e-02
2.987938188016414642e-02 2.771462872624397278e-02
3.014616295695304871e-02 2.860660105943679810e-02
3.258869051933288574e-02 2.654930204153060913e-02
3.011743538081645966e-02 2.479138225317001343e-02
2.928547374904155731e-02 2.522203326225280762e-02
2.957425639033317566e-02 2.485622279345989227e-02
3.398336470127105713e-02 2.585981041193008423e-02
3.023690916597843170e-02 2.449455857276916504e-02
2.940795198082923889e-02 2.475941739976406097e-02
2.863369882106781006e-02 2.524049580097198486e-02
2.950286306440830231e-02 3.198942914605140686e-02
3.300631046295166016e-02 2.794791571795940399e-02
3.385563567280769348e-02 2.562616765499114990e-02
2.934208326041698456e-02 2.720621787011623383e-02
3.039992973208427429e-02 2.477644756436347961e-02
3.047881089150905609e-02 2.654746547341346741e-02
2.999134361743927002e-02 2.959686331450939178e-02
3.063176199793815613e-02 2.717625722289085388e-02
3.077371418476104736e-02 2.620389685034751892e-02
3.130265697836875916e-02 2.577704563736915588e-02
3.146527707576751709e-02 2.509017474949359894e-02
3.060168772935867310e-02 2.871013246476650238e-02
2.988265827298164368e-02 2.445377595722675323e-02
2.887568995356559753e-02 2.470971271395683289e-02
2.919468842446804047e-02 2.750358916819095612e-02
2.892091497778892517e-02 2.514578029513359070e-02
3.004240244626998901e-02 2.650797739624977112e-02
3.053429350256919861e-02 2.549912780523300171e-02
3.094566054642200470e-02 3.173570334911346436e-02
3.268183395266532898e-02 2.653458341956138611e-02
2.937609888613224030e-02 2.437682822346687317e-02
2.990046329796314240e-02 2.468226850032806396e-02
2.969890832901000977e-02 2.906182594597339630e-02
2.997514046728610992e-02 2.645995654165744781e-02
2.892761304974555969e-02 2.505040913820266724e-02
2.997425943613052368e-02 2.631636895239353180e-02
2.970828115940093994e-02 2.625599317252635956e-02
2.942791953682899475e-02 2.564337477087974548e-02
3.002572245895862579e-02 2.499256469309329987e-02
3.335777670145034790e-02 2.443838678300380707e-02
2.999295666813850403e-02 2.500950172543525696e-02
2.914747036993503571e-02 2.459131181240081787e-02
2.903107367455959320e-02 2.518441155552864075e-02
3.024671785533428192e-02 2.445749565958976746e-02
2.888439968228340149e-02 2.485981956124305725e-02
2.862273901700973511e-02 2.541073784232139587e-02
2.843001112341880798e-02 2.436884120106697083e-02
2.940067276358604431e-02 2.501780539751052856e-02
2.949954010546207428e-02 4.029175639152526855e-02
3.333429992198944092e-02 3.478635102510452271e-02
2.887952886521816254e-02 2.576551400125026703e-02
2.947093732655048370e-02 2.476011775434017181e-02
2.835083194077014923e-02 2.447355352342128754e-02
3.349233418703079224e-02 2.544652856886386871e-02
2.998097985982894897e-02 2.417725510895252228e-02
3.017755039036273956e-02 2.470238320529460907e-02
3.297149389982223511e-02 2.748947218060493469e-02
2.963679097592830658e-02 2.464717812836170197e-02
2.971318550407886505e-02 2.483819797635078430e-02
2.893608063459396362e-02 2.656933479011058807e-02
2.933452837169170380e-02 2.449706383049488068e-02
2.933561056852340698e-02 2.444737590849399567e-02
2.961345948278903961e-02 2.457928471267223358e-02
2.871932461857795715e-02 2.421944402158260345e-02
2.892327122390270233e-02 4.282673075795173645e-02
3.057111985981464386e-02 2.500023506581783295e-02
2.876834943890571594e-02 2.848001010715961456e-02
3.088092058897018433e-02 2.727172896265983582e-02
2.918018400669097900e-02 2.472755499184131622e-02
3.080823644995689392e-02 2.890815213322639465e-02
2.959268540143966675e-02 2.570364810526371002e-02
3.110205382108688354e-02 2.728341892361640930e-02
3.041458688676357269e-02 2.601485326886177063e-02
3.036648966372013092e-02 4.324710369110107422e-02
3.274691849946975708e-02 2.442617900669574738e-02
2.875986322760581970e-02 2.551612071692943573e-02
2.878873422741889954e-02 3.073694556951522827e-02
3.020236454904079437e-02 2.583219483494758606e-02
2.903723530471324921e-02 2.456123754382133484e-02
2.822429127991199493e-02 2.466753497719764709e-02
3.014915436506271362e-02 2.727269381284713745e-02
2.949188463389873505e-02 2.497387677431106567e-02
2.866652980446815491e-02 2.435427159070968628e-02
3.153553977608680725e-02 4.370915517210960388e-02
3.107422590255737305e-02 2.460901066660881042e-02
2.948212809860706329e-02 2.477096579968929291e-02
3.028012253344058990e-02 2.584469318389892578e-02
3.034618869423866272e-02 2.504754252731800079e-02
2.954224124550819397e-02 2.549979276955127716e-02
3.077925369143486023e-02 2.479233406484127045e-02
2.911478281021118164e-02 2.546363882720470428e-02
2.897912263870239258e-02 2.455921843647956848e-02
3.025082126259803772e-02 2.548449672758579254e-02
3.028614260256290436e-02 2.551435120403766632e-02
2.927523851394653320e-02 2.424240298569202423e-02
2.863244526088237762e-02 2.532864362001419067e-02
3.037968091666698456e-02 2.458529174327850342e-02
3.054567798972129822e-02 2.434588968753814697e-02
3.146929666399955750e-02 2.580826357007026672e-02
2.992702089250087738e-02 2.480682916939258575e-02
2.960677817463874817e-02 2.451179176568984985e-02
2.964825928211212158e-02 2.542433701455593109e-02
2.851519174873828888e-02 2.486556582152843475e-02
2.916865982115268707e-02 2.675091288983821869e-02
3.068855032324790955e-02 2.656481787562370300e-02
2.951195463538169861e-02 2.725528925657272339e-02
2.788754738867282867e-02 2.518416009843349457e-02
2.903261594474315643e-02 2.474387735128402710e-02
2.921384759247303009e-02 2.439603582024574280e-02
3.142363950610160828e-02 2.938189171254634857e-02
3.037549555301666260e-02 2.473952807486057281e-02
2.929190173745155334e-02 2.453137561678886414e-02
3.092917054891586304e-02 2.760147489607334137e-02
2.919838204979896545e-02 2.697755396366119385e-02
3.056210279464721680e-02 2.438350953161716461e-02
2.978101745247840881e-02 2.516840212047100067e-02
2.832167595624923706e-02 2.446001954376697540e-02
2.898660674691200256e-02 2.491135150194168091e-02
2.878924831748008728e-02 2.414499409496784210e-02
3.043206967413425446e-02 2.782966755330562592e-02
2.876233495771884918e-02 2.735223807394504547e-02
2.899167127907276154e-02 2.657715789973735809e-02
2.936081588268280029e-02 2.452975325286388397e-02
2.876719646155834198e-02 2.555267140269279480e-02
2.925967611372470856e-02 3.097802959382534027e-02
3.178476542234420776e-02 2.921507321298122406e-02
2.976734563708305359e-02 2.674380317330360413e-02
3.005130216479301453e-02 2.418443001806735992e-02
2.890337444841861725e-02 2.525754645466804504e-02
2.841133810579776764e-02 2.531618252396583557e-02
3.050942160189151764e-02 2.551563084125518799e-02
2.931825071573257446e-02 2.751902677118778229e-02
3.001219965517520905e-02 2.587462961673736572e-02
3.002619184553623199e-02 2.668670378625392914e-02
2.954889833927154541e-02 2.539933100342750549e-02
2.957389876246452332e-02 2.665085159242153168e-02
3.306997939944267273e-02 2.670277655124664307e-02
2.917244657874107361e-02 2.413724549114704132e-02
2.909902855753898621e-02 2.539808861911296844e-02
2.962775528430938721e-02 2.928932383656501770e-02
2.928132005035877228e-02 2.459260076284408569e-02
2.846016921103000641e-02 2.422509342432022095e-02
2.896995283663272858e-02 2.492303401231765747e-02
2.793616801500320435e-02 2.698160149157047272e-02
3.089722432196140289e-02 2.673288993537425995e-02
3.008503839373588562e-02 2.604335173964500427e-02
2.964369021356105804e-02 2.521124482154846191e-02
2.951510995626449585e-02 2.557676471769809723e-02
2.944049611687660217e-02 2.717026695609092712e-02
3.375728055834770203e-02 2.455113269388675690e-02
2.923303656280040741e-02 2.531214058399200439e-02
2.906658686697483063e-02 2.487951517105102539e-02
2.949062176048755646e-02 2.629102207720279694e-02
2.925127744674682617e-02 2.467221394181251526e-02
2.943294309079647064e-02 2.557023428380489349e-02
2.989672124385833740e-02 3.270207718014717102e-02
3.090688213706016541e-02 2.434911765158176422e-02
2.874578908085823059e-02 2.868733368813991547e-02
2.846920304000377655e-02 2.441701851785182953e-02
2.930049411952495575e-02 2.483338676393032074e-02
2.948162332177162170e-02 2.452749386429786682e-02
2.953553386032581329e-02 3.447412326931953430e-02
3.132357448339462280e-02 2.698534913361072540e-02
2.856913022696971893e-02 2.423272281885147095e-02
2.879440598189830780e-02 2.411715313792228699e-02
2.925425767898559570e-02 2.502965740859508514e-02
2.943665720522403717e-02 2.570293657481670380e-02
3.018805012106895447e-02 2.552327886223793030e-02
3.234057873487472534e-02 2.734230086207389832e-02
3.082296065986156464e-02 2.640211768448352814e-02
2.881781384348869324e-02 2.437993325293064117e-02
2.900718525052070618e-02 2.719195187091827393e-02
2.913376316428184509e-02 2.593759074807167053e-02
3.031080774962902069e-02 2.447838149964809418e-02
3.653302043676376343e-02 3.681498020887374878e-02
2.936105057597160339e-02 2.424499206244945526e-02
2.907047234475612640e-02 2.441661991178989410e-02
2.996247820556163788e-02 2.472553215920925140e-02
2.855944819748401642e-02 2.497944235801696777e-02
2.807275950908660889e-02 2.477779984474182129e-02
2.830653637647628784e-02 2.539484389126300812e-02
2.884532138705253601e-02 2.470462396740913391e-02
2.941262908279895782e-02 2.412298880517482758e-02
2.878068014979362488e-02 2.537734434008598328e-02
2.983932755887508392e-02 2.581456303596496582e-02
2.860541269183158875e-02 2.444438636302947998e-02
3.000571019947528839e-02 2.685078978538513184e-02
2.912674099206924438e-02 2.499573491513729095e-02
2.990536950528621674e-02 2.505936287343502045e-02
2.877950109541416168e-02 2.430156432092189789e-02
3.042231127619743347e-02 2.746592648327350616e-02
3.028062544763088226e-02 2.870562858879566193e-02
3.003821335732936859e-02 2.522568777203559875e-02
2.890483848750591278e-02 2.452905289828777313e-02
2.877619490027427673e-02 2.600509859621524811e-02
2.888184227049350739e-02 2.579342015087604523e-02
2.997230738401412964e-02 2.486404776573181152e-02
2.830029465258121490e-02 2.408965677022933960e-02
2.916214987635612488e-02 2.489742636680603027e-02
2.845387160778045654e-02 2.524432353675365448e-02
2.843449637293815613e-02 2.432009950280189514e-02
2.998142316937446594e-02 2.556914277374744415e-02
2.944960445165634155e-02 2.461975999176502228e-02
3.083178028464317322e-02 2.680359408259391785e-02
2.907271683216094971e-02 2.539771795272827148e-02
2.963286824524402618e-02 2.417084760963916779e-02
2.891390025615692139e-02 2.438446320593357086e-02
2.904484421014785767e-02 2.479510195553302765e-02
2.912934869527816772e-02 2.514172345399856567e-02
2.753650583326816559e-02 2.416330389678478241e-02
2.925952523946762085e-02 2.496385201811790466e-02
2.971665374934673309e-02 2.701514959335327148e-02
2.949072048068046570e-02 2.457134053111076355e-02
2.967685461044311523e-02 2.560385502874851227e-02
2.832568250596523285e-02 2.416620403528213501e-02
3.006737306714057922e-02 2.480442449450492859e-02
2.913543768227100372e-02 2.471496909856796265e-02
2.959870733320713043e-02 2.429835125803947449e-02
3.009066171944141388e-02 2.413825877010822296e-02
2.921988815069198608e-02 2.418887987732887268e-02
2.875240519642829895e-02 2.422713674604892731e-02
2.881911210715770721e-02 2.427144907414913177e-02
3.343236073851585388e-02 2.673636190593242645e-02
2.924005687236785889e-02 2.562354877591133118e-02
2.913255989551544189e-02 2.544190175831317902e-02
3.105798549950122833e-02 2.435973472893238068e-02
2.834073267877101898e-02 2.461213804781436920e-02
2.960288338363170624e-02 2.419836446642875671e-02
2.937217429280281067e-02 2.514653466641902924e-02
2.875353395938873291e-02 2.447697333991527557e-02
2.906736545264720917e-02 2.440387755632400513e-02
2.924809977412223816e-02 2.408126555383205414e-02
2.995804511010646820e-02 2.450577914714813232e-02
2.878479659557342529e-02 2.619007229804992676e-02
2.869140356779098511e-02 2.411760017275810242e-02
2.801735699176788330e-02 2.456731349229812622e-02
2.928793430328369141e-02 2.568931318819522858e-02
2.877081371843814850e-02 2.499475143849849701e-02
2.847992628812789917e-02 2.442692592740058899e-02
2.927566133439540863e-02 2.574963681399822235e-02
3.095856681466102600e-02 2.465109899640083313e-02
2.932208776473999023e-02 2.502949908375740051e-02
2.899020910263061523e-02 2.435836009681224823e-02
3.222233429551124573e-02 4.394447430968284607e-02
2.970396913588047028e-02 2.462578006088733673e-02
2.931413426995277405e-02 2.492518723011016846e-02
2.995966933667659760e-02 2.415904961526393890e-02
2.789309807121753693e-02 2.442502789199352264e-02
3.042972832918167114e-02 2.466384880244731903e-02
2.850500494241714478e-02 2.450557239353656769e-02
2.972927317023277283e-02 2.582072280347347260e-02
2.879729494452476501e-02 2.499461919069290161e-02
2.851882018148899078e-02 2.559748478233814240e-02
3.028562106192111969e-02 2.461566030979156494e-02
2.857806533575057983e-02 2.442236617207527161e-02
2.841622754931449890e-02 2.468672581017017365e-02
2.999972365796566010e-02 2.743425965309143066e-02
2.839807420969009399e-02 2.608817256987094879e-02
2.887148223817348480e-02 2.409818023443222046e-02
2.820412628352642059e-02 2.498030103743076324e-02
3.411477059125900269e-02 2.684544026851654053e-02
2.930019423365592957e-02 2.401340566575527191e-02
2.917487919330596924e-02 2.424646168947219849e-02
2.950713783502578735e-02 2.526589296758174896e-02
2.901081740856170654e-02 2.427714876830577850e-02
2.902570925652980804e-02 2.422747015953063965e-02
2.953100390732288361e-02 2.414541319012641907e-02
2.835271507501602173e-02 2.438707649707794189e-02
2.912694774568080902e-02 2.465674839913845062e-02
2.860721386969089508e-02 2.420196123421192169e-02
2.904295921325683594e-02 2.592250332236289978e-02
3.015081398189067841e-02 2.431789413094520569e-02
2.900879830121994019e-02 2.445592172443866730e-02
2.854698710143566132e-02 2.474878169596195221e-02
2.908189594745635986e-02 2.513157390058040619e-02
2.885645814239978790e-02 2.439265698194503784e-02
3.069411590695381165e-02 2.466954290866851807e-02
3.009973466396331787e-02 2.600974962115287781e-02
2.832209877669811249e-02 2.439383789896965027e-02
2.790011465549468994e-02 2.411973290145397186e-02
2.946682460606098175e-02 2.539315633475780487e-02
2.939028479158878326e-02 2.410694025456905365e-02
2.938503772020339966e-02 2.440514974296092987e-02
2.877780608832836151e-02 2.442838251590728760e-02
2.943154610693454742e-02 2.562509663403034210e-02
2.881257049739360809e-02 2.410646900534629822e-02
2.866119891405105591e-02 2.425467036664485931e-02
3.042245097458362579e-02 2.431022003293037415e-02
2.952985838055610657e-02 2.423236705362796783e-02
2.871570736169815063e-02 3.430517017841339111e-02
3.004737570881843567e-02 2.546295523643493652e-02
2.984883077442646027e-02 2.483851276338100433e-02
2.909773401916027069e-02 2.680455893278121948e-02
2.823493070900440216e-02 2.411458641290664673e-02
2.924985811114311218e-02 2.726080827414989471e-02
3.026122972369194031e-02 2.403336204588413239e-02
2.885724045336246490e-02 2.977297082543373108e-02
2.965255081653594971e-02 2.420297637581825256e-02
2.917916327714920044e-02 2.624300494790077209e-02
3.060038015246391296e-02 2.426772192120552063e-02
2.866202779114246368e-02 2.451818808913230896e-02
2.903781086206436157e-02 2.399491332471370697e-02
2.930860966444015503e-02 2.472811564803123474e-02
2.797442488372325897e-02 2.484872192144393921e-02
2.993408963084220886e-02 2.451266907155513763e-02
2.873623371124267578e-02 2.471077628433704376e-02
2.830541692674160004e-02 2.557559125125408173e-02
3.044605255126953125e-02 2.632421627640724182e-02
2.957474254071712494e-02 2.435324899852275848e-02
2.854167297482490540e-02 2.418338134884834290e-02
2.911678701639175415e-02 2.482105977833271027e-02
2.867071144282817841e-02 2.429059334099292755e-02
3.240240365266799927e-02 2.444220706820487976e-02
2.801570668816566467e-02 2.520122751593589783e-02
2.866450510919094086e-02 2.472126111388206482e-02
2.827356569468975067e-02 2.443303167819976807e-02
2.972109057009220123e-02 2.590657770633697510e-02
2.887313440442085266e-02 2.401485294103622437e-02
2.914924360811710358e-02 2.443658560514450073e-02
2.823446691036224365e-02 2.614288404583930969e-02
2.830457687377929688e-02 2.548162639141082764e-02
2.945964410901069641e-02 2.511123567819595337e-02
3.006384335458278656e-02 2.430048584938049316e-02
2.961407229304313660e-02 2.535265125334262848e-02
2.938904054462909698e-02 2.441164106130599976e-02
2.905626967549324036e-02 2.421546913683414459e-02
2.897053770720958710e-02 2.424803189933300018e-02
2.880932018160820007e-02 2.487844228744506836e-02
2.833195216953754425e-02 2.405324578285217285e-02
2.989257872104644775e-02 2.414357103407382965e-02
2.939153648912906647e-02 2.494600787758827209e-02
2.980411984026432037e-02 2.453007735311985016e-02
2.894420549273490906e-02 2.437565103173255920e-02
2.797792479395866394e-02 2.473670803010463715e-02
2.842187322676181793e-02 2.412671595811843872e-02
2.991115488111972809e-02 2.500248700380325317e-02
2.882826887071132660e-02 2.442085370421409607e-02
2.961342968046665192e-02 2.701966650784015656e-02
2.862691134214401245e-02 2.421381138265132904e-02
2.876886911690235138e-02 2.437616698443889618e-02
2.834084257483482361e-02 2.494577690958976746e-02
2.974896691739559174e-02 2.451944537460803986e-02
2.898163162171840668e-02 2.466442249715328217e-02
2.884810045361518860e-02 2.500873059034347534e-02
2.852300368249416351e-02 2.425289899110794067e-02
2.967987954616546631e-02 2.449139393866062164e-02
2.879263460636138916e-02 2.526683732867240906e-02
3.438426181674003601e-02 2.425866387784481049e-02
2.840363793075084686e-02 2.405867353081703186e-02
2.809121645987033844e-02 2.408269792795181274e-02
2.925894036889076233e-02 2.461351267993450165e-02
2.842877805233001709e-02 2.434348687529563904e-02
2.946681715548038483e-02 2.429886348545551300e-02
2.859232202172279358e-02 2.481775544583797455e-02
2.914799749851226807e-02 2.645239047706127167e-02
2.845728211104869843e-02 2.449539676308631897e-02
3.015100955963134766e-02 2.696908637881278992e-02
2.880316786468029022e-02 2.446420118212699890e-02
2.955079823732376099e-02 2.668465673923492432e-02
2.895917184650897980e-02 2.407201938331127167e-02
2.835970558226108551e-02 2.418334968388080597e-02
2.824930660426616669e-02 2.485527284443378448e-02
2.888282015919685364e-02 2.444679476320743561e-02
3.110916167497634888e-02 2.938605472445487976e-02
3.092561662197113037e-02 2.461077831685543060e-02
2.964680828154087067e-02 2.431420981884002686e-02
2.916090190410614014e-02 2.595673501491546631e-02
2.828639745712280273e-02 2.415000461041927338e-02
2.905502542853355408e-02 2.462119050323963165e-02
2.865692414343357086e-02 2.501109987497329712e-02
