3.678748369216918945e+00 4.234383106231689453e-01
3.403270840644836426e-01 2.420025765895843506e-01
2.458592802286148071e-01 2.157104611396789551e-01
1.958022266626358032e-01 1.621884405612945557e-01
1.752649843692779541e-01 1.424657851457595825e-01
1.430470943450927734e-01 9.871175140142440796e-02
1.078094020485877991e-01 8.167491108179092407e-02
7.711257040500640869e-02 5.719632282853126526e-02
6.974524259567260742e-02 4.721158370375633240e-02
4.839098826050758362e-02 4.198818281292915344e-02
3.756782412528991699e-02 2.170928940176963806e-02
2.769028209149837494e-02 3.131169453263282776e-02
2.237471379339694977e-02 1.259908638894557953e-02
2.279509603977203369e-02 1.060562580823898315e-02
2.114262431859970093e-02 7.047670427709817886e-03
1.339885126799345016e-02 1.069123763591051102e-02
1.099097169935703278e-02 1.224997360259294510e-02
1.191093679517507553e-02 1.818181574344635010e-02
1.118111144751310349e-02 1.140735764056444168e-02
5.877282004803419113e-03 2.552193123847246170e-03
6.109371781349182129e-03 1.525691524147987366e-02
8.276561275124549866e-03 3.201961750164628029e-03
3.432985860854387283e-03 1.432882039807736874e-03
2.493284875527024269e-03 1.241206657141447067e-03
2.237883629277348518e-03 1.751278759911656380e-03
1.984553411602973938e-03 1.519117387942969799e-03
2.391582354903221130e-03 3.243259154260158539e-03
2.091236179694533348e-03 1.078817760571837425e-03
1.842322526499629021e-03 1.385679352097213268e-03
2.051579765975475311e-03 1.365473144687712193e-03
1.814266317524015903e-03 1.183474785648286343e-03
1.882931101135909557e-03 1.291231252253055573e-03
1.613122643902897835e-03 9.622881188988685608e-04
1.908284146338701248e-03 1.019973889924585819e-03
1.895361230708658695e-03 1.279858290217816830e-03
2.442200668156147003e-03 1.216800301335752010e-03
1.655292115174233913e-03 8.419304504059255123e-04
1.601611031219363213e-03 1.134086982347071171e-03
1.644757576286792755e-03 1.262059900909662247e-03
1.915667206048965454e-03 9.712945902720093727e-04
1.490690279752016068e-03 1.063445582985877991e-03
2.291696611791849136e-03 8.876092033460736275e-04
1.307802624069154263e-03 1.052908017300069332e-03
1.444201567210257053e-03 7.736601401120424271e-04
1.348400255665183067e-03 8.836627239361405373e-04
2.472924767062067986e-03 7.866062805987894535e-04
1.984345959499478340e-03 1.776078483089804649e-03
1.531430752947926521e-03 1.721141627058386803e-03
1.725451787933707237e-03 7.067099795676767826e-04
1.199235091917216778e-03 1.000862335786223412e-03
1.261737779714167118e-03 1.814046525396406651e-03
1.614731503650546074e-03 6.632726872339844704e-04
1.212585950270295143e-03 1.878574839793145657e-03
1.326533150859177113e-03 1.889853854663670063e-03
1.781325670890510082e-03 2.224263269454240799e-03
1.524117426015436649e-03 8.283815113827586174e-04
1.519382698461413383e-03 6.155729643069207668e-04
1.318820752203464508e-03 7.201394182629883289e-04
3.135184058919548988e-03 3.343929536640644073e-03
1.059684320352971554e-03 5.508341128006577492e-04
1.144294161349534988e-03 6.526336073875427246e-04
9.297740180045366287e-04 6.238200585357844830e-04
1.315670553594827652e-03 1.311542466282844543e-03
1.731429598294198513e-03 6.119993631727993488e-04
1.177433761768043041e-03 5.741491913795471191e-04
8.654733537696301937e-04 5.262373597361147404e-04
1.000099582597613335e-03 5.597101408056914806e-04
1.160864718258380890e-03 7.147798896767199039e-04
1.421507564373314381e-03 2.114183967933058739e-03
1.190087990835309029e-03 5.369295831769704819e-04
8.721162448637187481e-04 6.157775642350316048e-04
1.197518664412200451e-03 6.194261368364095688e-04
1.557119656354188919e-03 5.416925996541976929e-04
2.017723396420478821e-03 6.525056087411940098e-04
1.152160344645380974e-03 8.522866410203278065e-04
1.411027275025844574e-03 4.832795821130275726e-04
8.245381759479641914e-04 1.179121551103889942e-03
9.442649316042661667e-04 4.976859781891107559e-04
1.080766087397933006e-03 4.893747973255813122e-04
9.001595317386090755e-04 5.560776335187256336e-04
1.592133543454110622e-03 1.113150618039071560e-03
1.644004485569894314e-03 8.828812278807163239e-04
8.443561382591724396e-04 6.857580738142132759e-04
1.002481090836226940e-03 6.444604950957000256e-04
8.509018225595355034e-04 1.698812586255371571e-03
1.232884824275970459e-03 1.113551785238087177e-03
1.083761919289827347e-03 1.307053491473197937e-03
8.832858293317258358e-04 5.208203801885247231e-04
8.661409956403076649e-04 7.528707501478493214e-04
8.470573229715228081e-04 9.964774362742900848e-04
9.625714737921953201e-04 4.617395170498639345e-04
2.052073366940021515e-03 3.805240849032998085e-03
1.144325826317071915e-03 4.098505596630275249e-04
9.321438265033066273e-04 9.505506022833287716e-04
8.609597571194171906e-04 9.582362254150211811e-04
7.407151279039680958e-04 8.476802613586187363e-04
7.694417727179825306e-04 5.704184877686202526e-04
7.627364248037338257e-04 6.964367930777370930e-04
8.876310894265770912e-04 4.756021371576935053e-04
1.199475722387433052e-03 4.568758886307477951e-03
1.597327995114028454e-03 8.743535145185887814e-04
9.764045244082808495e-04 1.677225693129003048e-03
9.141300106421113014e-04 1.021755859255790710e-03
1.568277948535978794e-03 4.548189463093876839e-04
6.210737046785652637e-04 5.982659058645367622e-04
1.029281876981258392e-03 4.323798639234155416e-04
1.441572327166795731e-03 7.761951419524848461e-04
1.006244565360248089e-03 1.645680982619524002e-03
1.043381867930293083e-03 5.735429003834724426e-04
6.882069865241646767e-04 5.061926785856485367e-04
1.024500699713826180e-03 7.145363488234579563e-04
1.888580736704170704e-03 1.118962652981281281e-03
9.391212370246648788e-04 3.413037920836359262e-04
1.106247655116021633e-03 2.375191310420632362e-03
7.974019390530884266e-04 3.450483200140297413e-04
1.324132084846496582e-03 1.469980576075613499e-03
6.772380438633263111e-04 7.243506261147558689e-04
6.381385028362274170e-04 3.565329534467309713e-04
1.380265457555651665e-03 6.891303928568959236e-04
2.478537615388631821e-03 1.083400100469589233e-03
1.714432844892144203e-03 1.273000496439635754e-03
9.069993975572288036e-04 7.844163919799029827e-04
1.044816803187131882e-03 5.861982353962957859e-04
1.180237974040210247e-03 5.942908464930951595e-04
9.200958884321153164e-04 5.085672019049525261e-04
1.273189089260995388e-03 6.088541122153401375e-04
1.108127413317561150e-03 1.075641368515789509e-03
2.714372007176280022e-03 4.853526479564607143e-04
1.054430264048278332e-03 1.802722807042300701e-03
1.040342380292713642e-03 1.414368278346955776e-03
9.140815818682312965e-04 8.151470101438462734e-04
7.880959892645478249e-04 6.904405308887362480e-04
1.178352511487901211e-03 1.763798296451568604e-03
1.396681414917111397e-03 4.398128075990825891e-04
1.401455840095877647e-03 3.958222514484077692e-04
1.293448032811284065e-03 4.436691233422607183e-04
6.560815963894128799e-04 5.224098567850887775e-04
7.767822826281189919e-04 7.445754599757492542e-04
2.731729065999388695e-03 4.799002490472048521e-04
6.999905453994870186e-04 6.474653491750359535e-04
9.928682120516896248e-04 9.145966032519936562e-04
7.963018142618238926e-04 7.116184569895267487e-04
6.985579384490847588e-04 5.661104805767536163e-04
5.366240511648356915e-04 4.343195178080350161e-04
1.059659174643456936e-03 9.234635508619248867e-04
1.573752146214246750e-03 5.409027216956019402e-04
7.219602121040225029e-04 1.070087193511426449e-03
6.549336831085383892e-04 3.866739862132817507e-04
5.567243206314742565e-04 6.047517526894807816e-04
7.863395148888230324e-04 5.477602244354784489e-04
8.448656881228089333e-04 1.027604099363088608e-03
9.053573012351989746e-04 5.879044765606522560e-04
9.338541422039270401e-04 1.043238909915089607e-03
2.488643862307071686e-03 1.587705314159393311e-02
1.367524266242980957e-03 3.821665013674646616e-04
8.265248034149408340e-04 6.840045680291950703e-04
6.760481046512722969e-04 5.181911983527243137e-04
6.911581731401383877e-04 4.385271749924868345e-04
6.913848919793963432e-04 3.417018742766231298e-04
6.458385032601654530e-04 8.737632888369262218e-04
7.571892347186803818e-04 3.597923205234110355e-04
6.434404058381915092e-04 4.575260973069816828e-04
6.729319575242698193e-04 4.810197569895535707e-04
1.060310169123113155e-03 6.046076305210590363e-04
7.803256739862263203e-04 6.026065093465149403e-04
6.987582310102880001e-04 3.291429893579334021e-04
1.343928975984454155e-03 5.630989908240735531e-04
2.324960427358746529e-03 1.608730759471654892e-03
9.796593803912401199e-04 1.090295496396720409e-03
6.412116927094757557e-04 9.837369434535503387e-04
6.414228118956089020e-04 4.583371919579803944e-04
8.334603626281023026e-04 3.656938206404447556e-04
9.510919917374849319e-04 3.540624456945806742e-04
7.310107466764748096e-04 4.195608780719339848e-04
5.162466550245881081e-04 4.031375283375382423e-04
7.266985485330224037e-04 8.088967297226190567e-04
5.618219729512929916e-04 4.310879448894411325e-04
7.683467702008783817e-04 3.272192843724042177e-04
1.593960565514862537e-03 9.795054793357849121e-04
6.225827382877469063e-04 4.803143965546041727e-04
8.082093554548919201e-04 8.484225254505872726e-04
1.722563523799180984e-03 7.954286411404609680e-04
8.022524998523294926e-04 3.076568245887756348e-04
7.282787701115012169e-04 4.063185479026287794e-04
6.236946792341768742e-04 3.724539419636130333e-04
7.059911731630563736e-04 8.441569516435265541e-04
5.936633679084479809e-04 4.056914185639470816e-04
8.060424006544053555e-04 3.666218544822186232e-04
5.065392469987273216e-04 4.747612401843070984e-04
6.257071509025990963e-04 2.096204785630106926e-03
1.288386178202927113e-03 2.622052328661084175e-03
1.627368503250181675e-03 3.893542452715337276e-04
7.787653012201189995e-04 7.332573877647519112e-04
6.114678108133375645e-04 5.774997989647090435e-04
6.021401495672762394e-04 3.914942499250173569e-04
7.598001393489539623e-04 6.256733322516083717e-04
3.315100679174065590e-03 3.534375689923763275e-03
7.463528891094028950e-04 3.116577281616628170e-04
5.449779564514756203e-04 5.166829214431345463e-04
5.992937367409467697e-04 4.443232901394367218e-04
8.786698454059660435e-04 3.845223924145102501e-03
1.403380651026964188e-03 2.991202345583587885e-04
9.510423406027257442e-04 4.006238305009901524e-04
4.868879914283752441e-04 5.024079582653939724e-04
1.861682627350091934e-03 3.381150600034743547e-04
5.024425918236374855e-04 9.245973778888583183e-04
8.290570694953203201e-04 3.993326681666076183e-04
1.068668905645608902e-03 4.028463736176490784e-03
7.088825805112719536e-04 1.408930984325706959e-03
5.630446830764412880e-04 1.396278617903590202e-03
5.526527529582381248e-04 3.479836741462349892e-04
5.342266522347927094e-04 7.701649446971714497e-04
7.281614234670996666e-04 7.573463371954858303e-04
8.714258437976241112e-04 3.750471514649689198e-04
5.418856162577867508e-04 1.526315696537494659e-03
8.149963105097413063e-04 4.939811769872903824e-04
6.895615952089428902e-04 5.798828206025063992e-04
5.471711629070341587e-04 7.697197142988443375e-04
2.472732914611697197e-03 5.756728351116180420e-04
8.655145065858960152e-04 2.799166832119226456e-04
5.295623559504747391e-04 4.511832376010715961e-04
4.187853774055838585e-04 1.515048905275762081e-03
1.121429493650794029e-03 7.834428688511252403e-04
1.926406752318143845e-03 2.850237360689789057e-04
4.330851079430431128e-04 4.922194057144224644e-04
5.271926638670265675e-04 4.086148692294955254e-04
1.244208542630076408e-03 7.114401087164878845e-04
6.951232790015637875e-04 3.448513161856681108e-04
5.915600340813398361e-04 3.116810403298586607e-04
4.229884652886539698e-04 2.796556218527257442e-04
1.435904530808329582e-03 8.468909072689712048e-04
6.879892898723483086e-04 7.347029750235378742e-04
4.893807927146553993e-04 4.853912105318158865e-04
6.072509568184614182e-04 4.964341060258448124e-04
6.880022119730710983e-04 4.777722933795303106e-04
6.315365899354219437e-04 2.216709312051534653e-03
8.344143861904740334e-04 3.865875187329947948e-04
8.767510880716145039e-04 3.256653726566582918e-04
6.610031705349683762e-04 2.717576862778514624e-04
7.623359560966491699e-04 4.823191266041249037e-04
1.348813646472990513e-03 1.298826769925653934e-03
7.212983909994363785e-04 4.002216737717390060e-04
4.771440871991217136e-04 4.028893308714032173e-04
5.045924335718154907e-04 4.138282383792102337e-04
6.525274366140365601e-04 3.391829377505928278e-04
4.519376670941710472e-04 1.578137744218111038e-03
6.736294017173349857e-04 1.180714578367769718e-03
5.436819628812372684e-04 1.888455706648528576e-03
9.151112171821296215e-04 4.747876664623618126e-04
8.440624224022030830e-04 6.359710823744535446e-04
6.908269133418798447e-04 2.822836977429687977e-04
6.419856799766421318e-04 2.546363393776118755e-04
4.703968297690153122e-04 2.402040699962526560e-04
8.630146039649844170e-04 1.228382694534957409e-03
5.331226857379078865e-04 4.013463330920785666e-04
7.302151061594486237e-04 3.067805664613842964e-04
6.944598280824720860e-04 4.184316785540431738e-04
1.957163447514176369e-03 3.835947718471288681e-04
6.967309163883328438e-04 2.505978627596050501e-04
5.991433863528072834e-04 2.536759420763701200e-04
1.050138380378484726e-03 2.155880676582455635e-03
3.666844917461276054e-03 3.738744708243757486e-04
3.922611358575522900e-04 2.534221566747874022e-04
7.544968393631279469e-04 4.524951800704002380e-04
6.622144719585776329e-04 2.450629835948348045e-03
2.746883546933531761e-03 5.104722222313284874e-04
4.741380107589066029e-04 2.686243678908795118e-04
4.535183543339371681e-04 3.570457920432090759e-04
4.397422890178859234e-04 3.094647545367479324e-04
3.490101080387830734e-04 3.559763426892459393e-04
6.122883642092347145e-04 2.808139252010732889e-04
4.922652151435613632e-04 4.026591195724904537e-04
8.376552723348140717e-04 5.021062679588794708e-04
6.433529197238385677e-04 3.179985505994409323e-04
5.815454642288386822e-04 7.827510125935077667e-04
5.013149930164217949e-04 3.813052317127585411e-04
6.328186136670410633e-04 2.521255752071738243e-03
9.973865235224366188e-04 3.772781637962907553e-04
5.881114047951996326e-04 3.175283200107514858e-04
1.307291677221655846e-03 3.060399030800908804e-04
1.022262382321059704e-03 5.194320692680776119e-04
6.220950745046138763e-04 1.461799838580191135e-03
9.449528879486024380e-04 3.800678241532295942e-04
5.146957118995487690e-04 2.304417430423200130e-04
4.060864157509058714e-04 6.066169007681310177e-04
5.971787613816559315e-04 2.390390000073239207e-04
7.403525523841381073e-04 1.051383442245423794e-03
5.143848247826099396e-04 1.412015641108155251e-03
4.923018277622759342e-04 5.294688744470477104e-04
5.237513687461614609e-04 3.552751441020518541e-04
7.161141256801784039e-04 5.657138535752892494e-04
9.454045211896300316e-04 1.432348741218447685e-03
6.709125009365379810e-04 7.726520416326820850e-04
1.561389537528157234e-03 2.440783573547378182e-04
3.955992287956178188e-04 5.475505022332072258e-04
6.112472619861364365e-04 4.611449548974633217e-04
5.800728104077279568e-04 3.967091615777462721e-04
4.088448768015950918e-04 5.225297063589096069e-04
5.140405846759676933e-04 2.722297795116901398e-04
5.693034618161618710e-04 1.763909007422626019e-03
7.336028502322733402e-04 5.417006323114037514e-04
1.218231976963579655e-03 8.055409416556358337e-04
8.992327493615448475e-04 5.261937039904296398e-04
6.527746445499360561e-04 1.021987874992191792e-03
1.222769962623715401e-03 2.780627983156591654e-04
3.897790156770497561e-04 2.407234860584139824e-04
4.267844196874648333e-04 5.238348967395722866e-04
5.207399372011423111e-04 5.130532081238925457e-04
4.394863499328494072e-04 2.877771330531686544e-04
4.651323833968490362e-04 3.741791297215968370e-04
1.416100305505096912e-03 2.161797601729631424e-03
3.275272436439990997e-03 6.841926951892673969e-04
6.613968871533870697e-04 1.767283305525779724e-03
4.748487554024904966e-04 2.586179762147367001e-04
5.601514130830764771e-04 7.520325016230344772e-04
1.043778727762401104e-03 4.255030944477766752e-04
5.143296439200639725e-04 9.319888195022940636e-04
5.036750808358192444e-04 3.298562951385974884e-04
6.873160600662231445e-04 5.530080525204539299e-04
7.656129309907555580e-04 2.728438121266663074e-04
7.367028156295418739e-04 2.366529661230742931e-04
7.884670048952102661e-04 5.624315817840397358e-04
7.495622267015278339e-04 2.440773241687566042e-04
3.257735806982964277e-04 2.766511170193552971e-04
7.851743721403181553e-04 1.056118984706699848e-03
8.158481214195489883e-04 2.466136065777391195e-04
5.063650314696133137e-04 2.555791288614273071e-04
5.257393931970000267e-04 1.219471450895071030e-03
5.931436317041516304e-04 2.634843986015766859e-04
6.799485418014228344e-04 3.033097018487751484e-04
7.738033891655504704e-04 2.409718465059995651e-03
8.729807450436055660e-04 2.072370611131191254e-03
6.216939655132591724e-04 3.897701390087604523e-04
1.068752026185393333e-03 2.521338465157896280e-04
1.199428457766771317e-03 3.486673813313245773e-04
4.679272824432700872e-04 3.367165045347064734e-04
4.108528373762965202e-04 3.206514229532331228e-04
5.520130507647991180e-04 2.496070228517055511e-04
6.712767644785344601e-04 7.428105454891920090e-04
5.070224869996309280e-04 1.866223872639238834e-03
5.818873760290443897e-04 4.850065743084996939e-04
9.155290317721664906e-04 6.184871308505535126e-04
4.806735669262707233e-04 6.615060265175998211e-04
1.466843532398343086e-03 4.319022409617900848e-04
9.516775608062744141e-04 2.701991761568933725e-04
6.054230616427958012e-04 1.917151501402258873e-03
7.046272512525320053e-04 8.762594079598784447e-04
5.117821856401860714e-04 4.449876432772725821e-04
6.593845319002866745e-04 1.949565921677276492e-04
4.743089957628399134e-04 3.208956040907651186e-04
5.406691343523561954e-04 5.166888004168868065e-04
1.145090325735509396e-03 3.299354342743754387e-03
9.297619108110666275e-04 5.246854852885007858e-04
3.535851719789206982e-04 2.181007730541750789e-04
5.765428650192916393e-04 2.910884795710444450e-04
7.076793117448687553e-04 5.105806631036102772e-04
6.948519730940461159e-04 2.458763192407786846e-04
5.400964291766285896e-04 2.695669827517122030e-04
4.746218910440802574e-04 1.684985938481986523e-03
4.424437065608799458e-04 4.550879821181297302e-04
7.214835495688021183e-04 1.954159233719110489e-04
4.046155081596225500e-04 6.779490504413843155e-04
2.836550818756222725e-03 5.547475884668529034e-04
3.719579544849693775e-04 2.529402845539152622e-04
8.272978011518716812e-04 7.563378312624990940e-04
4.899107152596116066e-04 1.262290403246879578e-03
6.706333952024579048e-04 2.472473133821040392e-04
5.511018680408596992e-04 7.536467746831476688e-04
6.377585232257843018e-04 3.370605991221964359e-04
5.757898907177150249e-04 2.023452834691852331e-04
4.286195617169141769e-04 4.422710335347801447e-04
4.321968881413340569e-04 2.475986839272081852e-04
6.545722717419266701e-04 2.455749490763992071e-04
4.637030651792883873e-04 8.808833081275224686e-04
9.262274252250790596e-04 1.958847715286538005e-04
4.249953199177980423e-04 2.650887181516736746e-04
9.254019823856651783e-04 3.327080921735614538e-04
3.369972982909530401e-04 4.729624197352677584e-04
6.355041405186057091e-04 2.068085450446233153e-04
4.312438832130283117e-04 2.954754454549401999e-04
6.265636766329407692e-04 2.123363665305078030e-04
6.491451640613377094e-04 2.451407490298151970e-04
8.896732470020651817e-04 3.678652574308216572e-04
7.673504878766834736e-04 3.303746343590319157e-04
5.200594314374029636e-04 2.790726430248469114e-04
3.344765573274344206e-04 1.944784307852387428e-04
1.407992211170494556e-03 8.183073368854820728e-04
5.849118460901081562e-04 4.623341956175863743e-04
6.582010537385940552e-04 1.202300190925598145e-03
5.584965110756456852e-04 5.476704100146889687e-04
5.888851592317223549e-04 1.128255738876760006e-03
5.475113284774124622e-04 5.297401221469044685e-04
1.125250710174441338e-03 6.396935321390628815e-03
1.079473993740975857e-03 5.452964687719941139e-04
3.658141067717224360e-04 2.845200942829251289e-04
9.340672404505312443e-04 2.995254762936383486e-04
4.596658691298216581e-04 1.928330893861129880e-04
3.417231782805174589e-04 2.109026536345481873e-04
4.361766332294791937e-04 5.983369774185121059e-04
3.974628343712538481e-04 9.810097981244325638e-04
5.646851495839655399e-04 1.916006149258464575e-04
7.719777640886604786e-04 3.436579136177897453e-04
4.873521975241601467e-04 2.208911464549601078e-04
3.994639264419674873e-04 1.985242997761815786e-04
1.174596371129155159e-03 1.198562793433666229e-03
1.547166611999273300e-03 1.877440372481942177e-03
1.010208507068455219e-03 1.811560796340927482e-04
3.821992431767284870e-04 1.966813288163393736e-04
5.146877956576645374e-04 2.044155407929793000e-04
6.457680719904601574e-04 2.340604696655645967e-04
4.757472488563507795e-04 4.073869495186954737e-04
3.859253192786127329e-04 2.313434961251914501e-04
1.364092226140201092e-03 3.262565005570650101e-04
5.180092412047088146e-04 2.699700416997075081e-04
4.782900214195251465e-04 2.224498894065618515e-04
3.526069631334394217e-04 4.435715090949088335e-04
8.457064395770430565e-04 3.137506428174674511e-04
5.314270965754985809e-04 2.852591569535434246e-04
8.829943835735321045e-04 7.028770633041858673e-04
5.794096505269408226e-04 1.930432772496715188e-04
6.365666049532592297e-04 7.841740734875202179e-04
4.880642227362841368e-04 3.637773334048688412e-04
3.928275546059012413e-04 2.593365788925439119e-04
3.809276968240737915e-04 1.235223258845508099e-03
8.934655925258994102e-04 1.831476693041622639e-04
6.666539120487868786e-04 5.974636878818273544e-04
7.083887467160820961e-04 7.049295818433165550e-04
5.767128895968198776e-04 7.475597667507827282e-04
9.086925419978797436e-04 2.970929257571697235e-03
1.580618671141564846e-03 1.753271790221333504e-04
3.637087647803127766e-04 2.018393279286101460e-04
5.085190059617161751e-04 1.040105940774083138e-03
6.220602081157267094e-04 2.345262764720246196e-04
4.245545424055308104e-04 3.354957443661987782e-04
3.495574637781828642e-04 1.416495302692055702e-03
6.720317178405821323e-04 2.976525283884257078e-04
3.936075372621417046e-04 8.036957588046789169e-04
2.802776871249079704e-04 2.102436701534315944e-04
2.582126180641353130e-04 2.152360248146578670e-04
2.689039101824164391e-04 1.951087178895249963e-04
2.396248310105875134e-04 2.669988898560404778e-04
3.070580714847892523e-04 1.616622903384268284e-04
2.674800052773207426e-04 4.364450578577816486e-04
2.397648931946605444e-04 2.446843718644231558e-04
2.535371750127524137e-04 1.807054650271311402e-04
2.875112695619463921e-04 5.843080580234527588e-04
3.129580873064696789e-04 1.948677090695127845e-04
4.552980826701968908e-04 2.609231451060622931e-04
2.978278789669275284e-04 2.705040096770972013e-04
2.883618872147053480e-04 1.968286960618570447e-04
2.588821807876229286e-04 2.135453687515109777e-04
3.005501930601894855e-04 1.624536525923758745e-04
3.253156028222292662e-04 4.836172738578170538e-04
3.652770537883043289e-04 2.355360920773819089e-04
3.317084629088640213e-04 2.621152671054005623e-04
3.458276041783392429e-04 1.874333247542381287e-04
2.863357367459684610e-04 1.778090227162465453e-04
2.440369862597435713e-04 1.813950511859729886e-04
2.885089197661727667e-04 1.941356167662888765e-04
2.619703009258955717e-04 1.643978175707161427e-04
5.424082628451287746e-04 2.384497202001512051e-04
2.552058431319892406e-04 2.024958230322226882e-04
5.458875675685703754e-04 1.920473878271877766e-04
5.310842534527182579e-04 1.857609604485332966e-04
2.558372216299176216e-04 1.662438298808410764e-04
2.734402660280466080e-04 1.324422657489776611e-03
5.396298947744071484e-04 1.686406903900206089e-04
2.884553105104714632e-04 5.914932116866111755e-04
2.919684047810733318e-04 1.694958627922460437e-04
3.081468457821756601e-04 1.640218688407912850e-04
2.961012942250818014e-04 1.607760204933583736e-04
2.755346940830349922e-04 1.978633663384243846e-04
3.587798855733126402e-04 1.711449876893311739e-04
2.787157136481255293e-04 1.964438706636428833e-04
3.050675150007009506e-04 2.927657042164355516e-04
5.882323021069169044e-04 1.828951499192044139e-04
3.134536091238260269e-04 1.736413541948422790e-04
3.405938914511352777e-04 1.901695504784584045e-04
2.667663793545216322e-04 2.807320270221680403e-04
3.437667328398674726e-04 2.270043623866513371e-04
3.581951314117759466e-04 2.153576206183061004e-04
2.912747731897979975e-04 1.669580815359950066e-04
3.106794611085206270e-04 7.913897279649972916e-04
3.464179753791540861e-04 1.842069614212960005e-04
2.967609907500445843e-04 2.250312245450913906e-04
2.373748575337231159e-04 2.255004073958843946e-04
3.357781097292900085e-04 9.527990478090941906e-04
3.329236933495849371e-04 1.590555330039933324e-04
4.510004073381423950e-04 2.737393369898200035e-04
2.556742110755294561e-04 3.255947376601397991e-04
2.519854460842907429e-04 1.662857685005292296e-04
2.952273061964660883e-04 4.554158076643943787e-04
3.957626468036323786e-04 1.183627289719879627e-03
2.877589722629636526e-04 1.553906913613900542e-04
2.515163505449891090e-04 7.320784498006105423e-04
3.604259400162845850e-04 2.470821200404316187e-04
4.705894098151475191e-04 1.851534325396642089e-04
2.615846751723438501e-04 2.494198561180382967e-04
2.551233628764748573e-04 2.327815454918891191e-04
2.412560425000265241e-04 1.670908532105386257e-04
