4.667685985565185547e+00 1.320074200630187988e+00
5.647752881050109863e-01 2.527717947959899902e-01
1.711920201778411865e-01 1.521427929401397705e-01
1.018203422427177429e-01 8.218235522508621216e-02
6.242058798670768738e-02 1.642280369997024536e-01
5.292196199297904968e-02 4.538829252123832703e-02
3.817661106586456299e-02 3.474746644496917725e-02
4.125799983739852905e-02 8.439254015684127808e-02
2.843759953975677490e-02 2.262112312018871307e-02
2.101380564272403717e-02 2.176417410373687744e-02
2.463106065988540649e-02 1.816236600279808044e-02
1.888020522892475128e-02 1.502580754458904266e-02
1.756046153604984283e-02 1.379968877881765366e-02
1.505990512669086456e-02 1.273441221565008163e-02
1.746034063398838043e-02 2.022360637784004211e-02
1.662613451480865479e-02 1.493197865784168243e-02
2.418078482151031494e-02 1.607113890349864960e-02
1.113300118595361710e-02 1.637246459722518921e-02
2.047735266387462616e-02 1.012498605996370316e-02
1.353781856596469879e-02 9.413903579115867615e-03
1.065354328602552414e-02 1.790881529450416565e-02
1.355862244963645935e-02 1.069525722414255142e-02
1.329838857054710388e-02 9.303758852183818817e-03
1.526187453418970108e-02 2.299767732620239258e-02
1.325025316327810287e-02 1.943065039813518524e-02
1.158831454813480377e-02 8.707965724170207977e-03
1.189997885376214981e-02 1.307544577866792679e-02
1.324336417019367218e-02 7.896077819168567657e-03
1.109715551137924194e-02 8.804630488157272339e-03
1.314201392233371735e-02 1.328103523701429367e-02
1.683157496154308319e-02 3.509800508618354797e-02
1.193592045456171036e-02 7.670283783227205276e-03
7.837026380002498627e-03 6.835882086306810379e-03
7.825241424143314362e-03 7.067416328936815262e-03
1.817127503454685211e-02 5.179408937692642212e-02
1.708968542516231537e-02 9.910407476127147675e-03
1.098714023828506470e-02 2.368835732340812683e-02
1.242443080991506577e-02 9.251914918422698975e-03
1.193079724907875061e-02 6.149271037429571152e-03
8.921147324144840240e-03 6.665897089987993240e-03
1.113052014261484146e-02 5.917667876929044724e-03
1.329593919217586517e-02 5.826727952808141708e-03
9.609349071979522705e-03 5.998937413096427917e-03
7.366633974015712738e-03 1.779719628393650055e-02
1.585798338055610657e-02 7.377048488706350327e-03
9.439694695174694061e-03 8.108348585665225983e-03
9.597304277122020721e-03 5.450983066111803055e-03
9.612009860575199127e-03 8.478239178657531738e-03
1.028815656900405884e-02 1.403744798153638840e-02
8.321791887283325195e-03 5.259365774691104889e-03
1.281254366040229797e-02 9.652526117861270905e-03
7.421917747706174850e-03 1.301100570708513260e-02
8.603863418102264404e-03 2.114342898130416870e-02
9.681502357125282288e-03 7.884213700890541077e-03
1.530263107270002365e-02 1.714145205914974213e-02
9.611945599317550659e-03 1.145247370004653931e-02
1.095055136829614639e-02 1.267449464648962021e-02
1.435737870633602142e-02 9.199780412018299103e-03
1.516269799321889877e-02 1.424959115684032440e-02
1.086654420942068100e-02 8.424691855907440186e-03
8.741020224988460541e-03 5.528806708753108978e-03
7.842597551643848419e-03 8.587284944951534271e-03
6.819891277700662613e-03 8.777079172432422638e-03
1.265237852931022644e-02 5.076977889984846115e-03
6.633511278778314590e-03 1.132072415202856064e-02
1.319656055420637131e-02 9.389989078044891357e-03
8.757347241044044495e-03 6.552287377417087555e-03
1.032594311982393265e-02 1.519821397960186005e-02
7.411646191030740738e-03 1.587981730699539185e-02
8.672209456562995911e-03 6.302208174020051956e-03
1.790723390877246857e-02 5.810154229402542114e-02
1.210924424231052399e-02 7.683916948735713959e-03
6.103924009948968887e-03 8.778871037065982819e-03
9.416392073035240173e-03 5.419597495347261429e-03
5.669176112860441208e-03 4.414278082549571991e-03
6.136844865977764130e-03 1.097637601196765900e-02
1.121639460325241089e-02 1.192430593073368073e-02
7.425305433571338654e-03 8.105554617941379547e-03
9.232910349965095520e-03 4.236239939928054810e-03
1.055713277310132980e-02 8.766387589275836945e-03
9.068329818546772003e-03 4.533044993877410889e-03
1.548890583217144012e-02 4.514803178608417511e-03
5.431386642158031464e-03 1.099760551005601883e-02
5.911446642130613327e-03 5.325941834598779678e-03
7.072431501001119614e-03 9.201477281749248505e-03
6.340371444821357727e-03 7.630574982613325119e-03
1.468643546104431152e-02 7.460147887468338013e-02
9.630594402551651001e-03 9.433416649699211121e-03
8.186628110706806183e-03 1.469634473323822021e-02
5.929101724177598953e-03 4.676851909607648849e-03
6.373675540089607239e-03 1.402580831199884415e-02
6.961206905543804169e-03 2.255333028733730316e-02
7.618954870849847794e-03 9.207548573613166809e-03
7.143970113247632980e-03 4.932322539389133453e-03
5.678229499608278275e-03 4.660835955291986465e-03
6.412263959646224976e-03 1.247492525726556778e-02
1.064747292548418045e-02 3.869467414915561676e-03
7.691103033721446991e-03 1.262891665101051331e-02
1.765665225684642792e-02 6.062779575586318970e-03
5.351172760128974915e-03 5.119642242789268494e-03
8.094366639852523804e-03 5.299186334013938904e-03
7.995264604687690735e-03 6.979317404329776764e-03
8.864305913448333740e-03 3.700673347339034081e-03
8.531491272151470184e-03 1.055330410599708557e-02
7.075031287968158722e-03 2.831241860985755920e-02
6.958475802093744278e-03 5.260566249489784241e-03
7.372027728706598282e-03 5.248537752777338028e-03
6.213291082531213760e-03 3.907319158315658569e-03
7.839124649763107300e-03 3.784332424402236938e-03
6.290871649980545044e-03 1.631585694849491119e-02
8.175929076969623566e-03 6.587482988834381104e-02
1.746664755046367645e-02 5.515601485967636108e-03
8.633229881525039673e-03 7.023388985544443130e-03
5.722035188227891922e-03 3.476976882666349411e-03
5.128724034875631332e-03 6.012989208102226257e-03
5.262929014861583710e-03 4.319104366004467010e-03
8.228979073464870453e-03 5.270685534924268723e-03
8.879790082573890686e-03 5.496801342815160751e-03
1.083665806800127029e-02 3.805386368185281754e-03
6.228866986930370331e-03 1.276079192757606506e-02
9.256732650101184845e-03 9.292406961321830750e-03
7.276622578501701355e-03 7.019054610282182693e-03
6.170551292598247528e-03 1.655977778136730194e-02
6.562629714608192444e-03 6.946833804249763489e-03
7.143078837543725967e-03 3.378952154889702797e-03
7.566193118691444397e-03 9.725132025778293610e-03
8.929363451898097992e-03 6.075619719922542572e-03
6.382742431014776230e-03 8.028246462345123291e-03
6.331788375973701477e-03 3.683662274852395058e-03
6.022152956575155258e-03 4.686026833951473236e-03
4.609967581927776337e-03 3.434242913499474525e-03
7.851407863199710846e-03 1.088013779371976852e-02
1.409169938415288925e-02 9.845286607742309570e-03
5.316452588886022568e-03 7.326604332774877548e-03
7.938054390251636505e-03 4.513217601925134659e-03
6.037735845893621445e-03 6.969980429857969284e-03
8.106444031000137329e-03 8.762619458138942719e-03
8.122723549604415894e-03 6.129497196525335312e-03
1.216844934970140457e-02 3.456177888438105583e-03
4.963571671396493912e-03 5.091563332825899124e-03
5.629272665828466415e-03 4.186889156699180603e-03
6.358887534588575363e-03 4.547233693301677704e-03
5.052342545241117477e-03 3.080252790823578835e-03
6.164736114442348480e-03 3.204459557309746742e-03
5.252260714769363403e-03 9.051849134266376495e-03
1.861376687884330750e-02 8.234231919050216675e-02
1.417804509401321411e-02 3.611701074987649918e-03
6.240310147404670715e-03 6.256352178752422333e-03
7.533953990787267685e-03 7.414405234158039093e-03
7.801766507327556610e-03 4.395635798573493958e-03
5.782393272966146469e-03 4.031337331980466843e-03
7.328621111810207367e-03 3.603382967412471771e-03
6.009444594383239746e-03 7.947381585836410522e-03
5.007488187402486801e-03 4.910360090434551239e-03
7.056850008666515350e-03 3.086161101236939430e-03
4.373700357973575592e-03 1.200686674565076828e-02
8.352421224117279053e-03 6.402935367077589035e-03
6.821382790803909302e-03 5.560800433158874512e-03
7.080840878188610077e-03 3.557878313586115837e-03
4.703085869550704956e-03 3.291369648650288582e-03
5.540262907743453979e-03 7.451151963323354721e-03
5.839022807776927948e-03 1.183899398893117905e-02
4.795366898179054260e-03 3.030789084732532501e-03
4.615895915776491165e-03 3.073674160987138748e-03
7.630070671439170837e-03 4.283923190087080002e-03
6.532516330480575562e-03 4.728438332676887512e-03
5.425642244517803192e-03 6.122130900621414185e-03
8.445951156318187714e-03 2.339155785739421844e-02
7.451553363353013992e-03 5.202425178140401840e-03
7.367543410509824753e-03 8.243512362241744995e-03
4.821142647415399551e-03 2.586814202368259430e-02
5.298298783600330353e-03 3.014510963112115860e-03
5.807331297546625137e-03 8.127581328153610229e-03
5.276201758533716202e-03 8.194672875106334686e-03
6.396776065230369568e-03 3.235947806388139725e-03
6.463216617703437805e-03 5.439989268779754639e-03
8.132809773087501526e-03 4.110692068934440613e-03
4.408994689583778381e-03 3.713309532031416893e-03
3.957712557166814804e-03 3.050772473216056824e-03
6.814969703555107117e-03 1.152556855231523514e-02
4.862249828875064850e-03 1.919939555227756500e-02
4.927914589643478394e-03 6.792164873331785202e-03
3.489129617810249329e-02 6.462780293077230453e-03
4.705199040472507477e-03 3.046311438083648682e-03
5.415734834969043732e-03 2.991281449794769287e-03
4.929020535200834274e-03 3.170986659824848175e-03
6.453207228332757950e-03 4.772018641233444214e-03
4.923235625028610229e-03 3.325576893985271454e-03
3.994656726717948914e-03 3.276858711615204811e-03
9.380333125591278076e-03 3.265608567744493484e-03
4.594268277287483215e-03 6.611873861402273178e-03
5.965502467006444931e-03 3.024337813258171082e-03
6.105274427682161331e-03 2.911989577114582062e-03
7.119451183825731277e-03 3.027109196409583092e-03
7.221193518489599228e-03 3.593047382310032845e-03
6.479291711002588272e-03 1.744293235242366791e-02
5.990209989249706268e-03 3.656027372926473618e-03
7.671211846172809601e-03 9.835870936512947083e-03
5.779644940048456192e-03 2.594712004065513611e-02
7.742191664874553680e-03 3.986462485045194626e-03
4.195130430161952972e-03 1.006307266652584076e-02
5.071735009551048279e-03 5.627376027405261993e-03
4.133515991270542145e-03 2.884593093767762184e-03
3.845726838335394859e-03 2.949165413156151772e-03
6.175833288580179214e-03 3.551588626578450203e-03
7.133672013878822327e-03 1.887012645602226257e-02
6.358844693750143051e-03 4.734518006443977356e-03
4.358340054750442505e-03 4.522063303738832474e-03
3.594907466322183609e-03 3.841646946966648102e-03
5.666373763233423233e-03 6.495237350463867188e-03
7.594208698719739914e-03 1.348394807428121567e-02
6.686928682029247284e-03 2.921360777691006660e-03
5.121380090713500977e-03 8.446462452411651611e-03
5.722509231418371201e-03 3.567993408069014549e-03
8.088763803243637085e-03 4.078895971179008484e-02
1.240664161741733551e-02 8.850613608956336975e-03
4.416613839566707611e-03 4.980619531124830246e-03
3.831353504210710526e-03 3.741650376468896866e-03
5.434579215943813324e-03 8.836295455694198608e-03
1.007649023085832596e-02 1.289916224777698517e-02
6.434553302824497223e-03 3.134248545393347740e-03
6.399863399565219879e-03 1.903702504932880402e-02
6.656440440565347672e-03 5.275237374007701874e-03
5.187083501368761063e-03 6.667888257652521133e-03
4.184090066701173782e-03 4.318753723055124283e-03
5.641853436827659607e-03 2.280953712761402130e-02
1.112511288374662399e-02 1.238790526986122131e-02
7.092791609466075897e-03 3.017890499904751778e-03
4.786439705640077591e-03 8.694392628967761993e-03
5.020863842219114304e-03 3.323012730106711388e-03
4.660612437874078751e-03 3.921735566109418869e-03
1.310676429420709610e-02 4.402207676321268082e-03
5.581599660217761993e-03 2.970338333398103714e-03
6.181055679917335510e-03 3.400057787075638771e-03
4.998893011361360550e-03 4.461816512048244476e-03
9.694341570138931274e-03 3.011226886883378029e-03
4.530493635684251785e-03 2.637389814481139183e-03
6.384931039065122604e-03 8.075605146586894989e-03
4.443163052201271057e-03 2.978155389428138733e-03
4.845369607210159302e-03 5.181541666388511658e-03
7.616159506142139435e-03 2.777624409645795822e-03
4.287587013095617294e-03 4.065365996211767197e-03
4.861659836024045944e-03 6.764013785868883133e-03
7.245572749525308609e-03 5.752545315772294998e-03
4.377691540867090225e-03 4.860349465161561966e-03
3.471289295703172684e-03 9.459029883146286011e-03
9.204380214214324951e-03 3.735599573701620102e-03
9.176867082715034485e-03 2.749712672084569931e-03
3.366796066984534264e-03 4.456668160855770111e-03
6.675465032458305359e-03 7.053372450172901154e-03
4.315665923058986664e-03 4.341064486652612686e-03
4.540441557765007019e-03 9.792644530534744263e-03
6.745906081050634384e-03 3.370987717062234879e-03
4.674087744206190109e-03 2.821968402713537216e-03
4.669027402997016907e-03 2.582100685685873032e-03
7.795196957886219025e-03 5.301041528582572937e-03
5.835200659930706024e-03 3.133995691314339638e-03
4.339457489550113678e-03 1.847982965409755707e-02
8.370122872292995453e-03 4.104563500732183456e-03
5.498858168721199036e-03 1.020339131355285645e-02
6.566262803971767426e-03 2.920982195064425468e-03
4.906497895717620850e-03 3.657777560874819756e-03
4.041980952024459839e-03 3.850113367661833763e-03
4.492446314543485641e-03 5.311607383191585541e-03
7.169071584939956665e-03 3.471085801720619202e-03
4.253754392266273499e-03 1.540516130626201630e-02
5.169326439499855042e-03 7.955571636557579041e-03
8.034962229430675507e-03 9.269748814404010773e-03
3.929723985493183136e-03 3.073843196034431458e-03
5.880762357264757156e-03 3.171334974467754364e-03
7.735224440693855286e-03 3.815435804426670074e-03
4.820147529244422913e-03 2.971915295347571373e-03
4.082633648067712784e-03 2.762949559837579727e-03
3.844622056931257248e-03 2.721365308389067650e-03
4.317078273743391037e-03 2.616508863866329193e-03
5.443683359771966934e-03 4.180211108177900314e-03
1.579111069440841675e-02 9.049176238477230072e-03
3.966324497014284134e-03 2.548906253650784492e-03
4.259667824953794479e-03 2.667413093149662018e-03
3.447446040809154510e-03 2.612656448036432266e-03
3.510412294417619705e-03 3.062804928049445152e-03
3.190186573192477226e-03 4.712612833827733994e-03
4.880461376160383224e-03 2.925258595496416092e-03
7.362002041190862656e-03 3.102854825556278229e-03
4.896985366940498352e-03 7.402162533253431320e-03
5.992405582219362259e-03 9.073940105736255646e-03
4.467475693672895432e-03 5.455329548567533493e-03
4.127835854887962341e-03 3.777660662308335304e-03
7.362215314060449600e-03 3.784705419093370438e-03
5.310740321874618530e-03 1.641125977039337158e-02
5.977041088044643402e-03 3.551066154614090919e-03
4.528719000518321991e-03 2.574054757133126259e-03
5.466945935040712357e-03 6.473117973655462265e-03
4.044656641781330109e-03 4.758303053677082062e-03
4.196549765765666962e-03 2.001758664846420288e-02
1.013338472694158554e-02 9.415439330041408539e-03
4.883220884948968887e-03 3.253577975556254387e-03
3.517568111419677734e-03 3.547903615981340408e-03
8.730445057153701782e-03 3.631350584328174591e-03
3.974920138716697693e-03 2.841037698090076447e-03
6.511105224490165710e-03 8.427087217569351196e-03
6.377384532243013382e-03 2.552050864323973656e-03
4.974667448550462723e-03 3.574511501938104630e-03
6.327463313937187195e-03 6.140491459518671036e-03
5.380905698984861374e-03 2.724630525335669518e-03
3.886897582560777664e-03 7.615816313773393631e-03
3.896569833159446716e-03 3.770665032789111137e-03
1.119425799697637558e-02 3.081189934164285660e-03
4.575201775878667831e-03 8.303905837237834930e-03
5.009370855987071991e-03 3.644033335149288177e-03
3.491444280371069908e-03 8.369390852749347687e-03
3.895560279488563538e-03 1.375093497335910797e-02
4.351471550762653351e-03 4.130389541387557983e-03
4.994886927306652069e-03 5.096780601888895035e-03
4.709763452410697937e-03 2.773969434201717377e-03
3.715835744515061378e-03 2.545344410464167595e-03
4.072044044733047485e-03 2.493905136361718178e-03
4.707404412329196930e-03 2.833029953762888908e-03
5.146014504134654999e-03 9.716677479445934296e-03
4.316437523812055588e-03 2.698325552046298981e-03
5.678986199200153351e-03 1.244856137782335281e-02
1.009406335651874542e-02 4.388489760458469391e-03
5.246538668870925903e-03 5.306529346853494644e-03
3.702497575432062149e-03 4.764019045978784561e-03
4.266832023859024048e-03 2.596918493509292603e-03
3.807306522503495216e-03 7.062084972858428955e-03
7.994157262146472931e-03 6.742382887750864029e-03
4.937588702887296677e-03 9.396045468747615814e-03
4.111612215638160706e-03 3.421552712097764015e-03
7.499978411942720413e-03 2.785572549328207970e-03
3.647242672741413116e-03 5.038969218730926514e-03
4.743279423564672470e-03 3.642896888777613640e-03
5.441494751721620560e-03 1.864767074584960938e-02
7.507305592298507690e-03 2.631370676681399345e-03
6.444858852773904800e-03 2.795436186715960503e-03
5.411605350673198700e-03 2.402883721515536308e-03
4.345146007835865021e-03 6.161385215818881989e-03
6.020395085215568542e-03 3.814487950876355171e-03
3.849314060062170029e-03 2.930637449026107788e-03
5.535148549824953079e-03 1.555921044200658798e-02
6.364183500409126282e-03 4.045119509100914001e-03
3.949364181607961655e-03 2.989638363942503929e-03
3.460759762674570084e-03 7.390435319393873215e-03
5.657198373228311539e-03 2.400941681116819382e-03
3.100252943113446236e-03 3.058989997953176498e-03
5.862161517143249512e-03 3.353245556354522705e-03
6.155665963888168335e-03 1.207773294299840927e-02
6.185269448906183243e-03 1.124924886971712112e-02
3.386152675375342369e-03 2.801712835207581520e-03
8.731789886951446533e-03 4.496345296502113342e-03
4.234662745147943497e-03 9.052771143615245819e-03
5.339378025382757187e-03 3.719547996297478676e-03
3.351356368511915207e-03 4.112704657018184662e-03
3.748267656192183495e-03 2.996985334903001785e-03
5.022717174142599106e-03 1.402118988335132599e-02
3.871758468449115753e-03 9.445087052881717682e-03
3.881737822666764259e-03 2.292641438543796539e-03
4.075457341969013214e-03 2.532019978389143944e-03
3.831073408946394920e-03 5.001427140086889267e-03
5.381425842642784119e-03 7.279198151081800461e-03
4.446228034794330597e-03 8.755410090088844299e-03
6.546467542648315430e-03 4.874246660619974136e-03
1.039730105549097061e-02 1.596845127642154694e-02
4.515835549682378769e-03 2.296959049999713898e-03
4.533547908067703247e-03 2.561701228842139244e-03
7.432318758219480515e-03 2.433205954730510712e-03
3.277074079960584641e-03 2.286461647599935532e-03
8.072865195572376251e-03 2.721606753766536713e-03
5.407257471233606339e-03 2.812379272654652596e-03
3.393618157133460045e-03 3.545433282852172852e-03
3.663395997136831284e-03 2.745143370702862740e-03
4.541071131825447083e-03 2.597303129732608795e-03
6.741030141711235046e-03 3.271128283813595772e-03
3.384104697033762932e-03 4.129046108573675156e-03
6.782101001590490341e-03 2.629297552630305290e-03
5.746547598391771317e-03 1.906256377696990967e-02
5.033127032220363617e-03 2.423877129331231117e-03
4.979308694601058960e-03 2.555606421083211899e-03
4.468968138098716736e-03 2.566986950114369392e-03
3.837984986603260040e-03 7.113954052329063416e-03
3.924174234271049500e-03 3.171758959069848061e-03
4.773179069161415100e-03 3.531652968376874924e-03
4.871722310781478882e-03 2.641039201989769936e-03
1.075892802327871323e-02 2.350597875192761421e-03
4.518385510891675949e-03 5.460473243147134781e-03
3.710340242832899094e-03 2.877556718885898590e-03
3.356569213792681694e-03 2.265039598569273949e-03
4.164700862020254135e-03 2.801916794851422310e-03
4.344655200839042664e-03 6.942513398826122284e-03
4.026051610708236694e-03 2.318280050531029701e-03
4.610143136233091354e-03 3.546284744516015053e-03
5.042214412242174149e-03 4.997528623789548874e-03
4.609874915331602097e-03 6.483987905085086823e-03
4.741324111819267273e-03 2.528254408389329910e-03
6.084126885980367661e-03 1.402586605399847031e-02
8.624577894806861877e-03 2.630387200042605400e-03
3.004006342962384224e-03 2.378867240622639656e-03
3.601776668801903725e-03 2.408072818070650101e-03
3.744656220078468323e-03 1.608399488031864166e-02
5.828616209328174591e-03 4.833879321813583374e-02
6.385179236531257629e-03 2.597410231828689575e-03
5.561549216508865356e-03 5.526958499103784561e-03
1.174461748450994492e-02 6.045436486601829529e-03
4.080126062035560608e-03 9.946776553988456726e-03
4.809149540960788727e-03 3.582574194297194481e-03
5.153493955731391907e-03 3.046547528356313705e-03
4.695265553891658783e-03 2.518995199352502823e-03
3.121010027825832367e-03 5.069041159003973007e-03
3.949209582060575485e-03 3.539683064445853233e-03
3.276331350207328796e-03 2.655565738677978516e-03
4.542435053735971451e-03 4.602639470249414444e-03
5.319618154317140579e-03 5.189217627048492432e-03
4.535507410764694214e-03 2.659821882843971252e-03
4.466955084353685379e-03 1.023441180586814880e-02
4.989253357052803040e-03 5.067297723144292831e-03
3.391408128663897514e-03 2.794733736664056778e-03
4.039524123072624207e-03 1.446243748068809509e-02
7.277626544237136841e-03 3.194947261363267899e-03
7.101505529135465622e-03 3.839319339022040367e-03
3.819619771093130112e-03 2.760583302006125450e-03
4.136600065976381302e-03 2.839216729626059532e-03
3.407991491258144379e-03 7.433351129293441772e-03
3.321720054373145103e-03 2.715279813855886459e-03
4.841641988605260849e-03 2.373839961364865303e-03
5.403735674917697906e-03 4.858885891735553741e-03
3.797984682023525238e-03 2.734358655288815498e-03
4.027143586426973343e-03 9.979685768485069275e-03
4.946239758282899857e-03 9.569623507559299469e-03
5.340186413377523422e-03 3.192899515852332115e-03
3.209112212061882019e-03 2.378051634877920151e-03
5.442459601908922195e-03 2.603105502203106880e-03
5.114895757287740707e-03 3.487665904685854912e-03
3.301107324659824371e-03 5.276598036289215088e-03
5.674211308360099792e-03 2.344741020351648331e-03
5.896755959838628769e-03 3.343794494867324829e-03
4.311046563088893890e-03 3.317856695502996445e-03
5.333036184310913086e-03 2.313022501766681671e-03
2.975110663101077080e-03 2.598146209493279457e-03
4.501729272305965424e-03 2.887200098484754562e-03
6.873684935271739960e-03 2.469007391482591629e-03
4.190159961581230164e-03 2.689393470063805580e-03
3.799899248406291008e-03 2.617649734020233154e-03
7.989096455276012421e-03 1.021569501608610153e-02
3.950957208871841431e-03 2.877053339034318924e-03
3.378108842298388481e-03 2.170572755858302116e-03
4.621920175850391388e-03 2.298754872754216194e-03
4.836424719542264938e-03 1.074824761599302292e-02
8.202358148992061615e-03 3.837904660031199455e-03
3.770436625927686691e-03 1.507971063256263733e-02
4.813809413462877274e-03 4.282963462173938751e-03
3.452842123806476593e-03 3.049646271392703056e-03
3.519291523844003677e-03 2.309414790943264961e-03
4.060337319970130920e-03 2.413677750155329704e-03
4.266891628503799438e-03 2.202330389991402626e-03
3.555939532816410065e-03 3.413524245843291283e-03
4.311443772166967392e-03 6.954114884138107300e-03
5.753431934863328934e-03 3.061104565858840942e-03
3.372526727616786957e-03 4.004732705652713776e-03
3.745717694982886314e-03 2.767630387097597122e-03
5.318511277437210083e-03 1.336386799812316895e-02
4.122973885387182236e-03 6.746030412614345551e-03
4.470085725188255310e-03 2.738425740972161293e-03
4.737200681120157242e-03 3.141778754070401192e-03
4.077357705682516098e-03 2.258536173030734062e-03
3.400969319045543671e-03 3.011274384334683418e-03
5.623636767268180847e-03 2.423383761197328568e-03
3.019307274371385574e-03 2.290337346494197845e-03
9.253377094864845276e-03 3.031734609976410866e-03
3.023360623046755791e-03 2.163064433261752129e-03
3.585780039429664612e-03 4.274496808648109436e-03
3.401986090466380119e-03 4.217016045004129410e-03
4.824286326766014099e-03 2.507989527657628059e-03
4.405292682349681854e-03 2.191637875512242317e-03
4.633305594325065613e-03 4.239170812070369720e-03
7.311753463000059128e-03 4.947451874613761902e-03
4.169067833572626114e-03 2.598011167719960213e-03
4.796245601028203964e-03 3.997896332293748856e-03
3.331880550831556320e-03 6.460534408688545227e-03
5.860211327672004700e-03 4.443520680069923401e-03
6.813581101596355438e-03 2.991314511746168137e-03
2.830610377714037895e-03 3.185658948495984077e-03
3.868266707286238670e-03 5.866527557373046875e-03
4.649815149605274200e-03 2.555043436586856842e-03
2.923666732385754585e-03 2.629359951242804527e-03
7.681997492909431458e-03 2.512720413506031036e-03
5.098390392959117889e-03 1.241930760443210602e-02
4.525708965957164764e-03 3.651036880910396576e-03
4.350067116320133209e-03 3.544264240190386772e-03
3.006427548825740814e-03 5.093817599117755890e-03
3.769362345337867737e-03 2.102457452565431595e-03
3.414990380406379700e-03 7.140182889997959137e-03
5.093919578939676285e-03 5.450097844004631042e-03
3.142693312838673592e-03 6.055817008018493652e-03
3.758776700124144554e-03 2.121327444911003113e-03
3.972414880990982056e-03 4.484118893742561340e-03
3.367087803781032562e-03 2.349553629755973816e-03
3.854633774608373642e-03 9.113945066928863525e-03
3.643504576757550240e-03 3.970592748373746872e-03
6.442368496209383011e-03 2.789319027215242386e-03
5.464751273393630981e-03 5.435554310679435730e-03
