1.000000000000000000e+00 1.613322092453017831e-05 1.461392344026535284e-06
9.000000000000000222e-01 2.179001057811547071e-05 1.370402173961338121e-06
8.000000000000000444e-01 3.413639205973595381e-05 2.219471753051038831e-06
6.999999999999999556e-01 6.209906860021874309e-05 2.514797188268858008e-06
5.999999999999999778e-01 1.151444448623806238e-04 4.516939043242018670e-06
5.000000000000000000e-01 2.662210608832538128e-04 7.736051884421613067e-06
4.000000000000000222e-01 7.094530155882239342e-04 1.399141729052644223e-05
2.999999999999999889e-01 2.500186208635568619e-03 3.402490256121382117e-05
2.000000000000000111e-01 1.223701704293489456e-02 9.842375584412366152e-05
1.000000000000000056e-01 1.339498460292816162e-01 7.349675870500504971e-04
5.000000000000000278e-02 9.675311446189880371e-01 4.052099306136369705e-03
