1.000000000000000000e+00 2.908208807639311999e-05 2.434293946862453595e-06
9.000000000000000222e-01 3.801747516263276339e-05 3.847403149848105386e-06
8.000000000000000444e-01 5.929670442128553987e-05 6.177526756800943986e-06
6.999999999999999556e-01 9.964929631678387523e-05 8.206089660234283656e-06
5.999999999999999778e-01 1.558557851240038872e-04 8.236624125856906176e-06
5.000000000000000000e-01 3.438284620642662048e-04 1.429924304829910398e-05
4.000000000000000222e-01 7.893109577707946301e-04 2.171026062569580972e-05
2.999999999999999889e-01 2.535771345719695091e-03 4.267776967026293278e-05
2.000000000000000111e-01 1.201157830655574799e-02 1.570542517583817244e-04
1.000000000000000056e-01 1.319975852966308594e-01 7.321944576688110828e-04
5.000000000000000278e-02 9.545938372611999512e-01 3.904395038262009621e-03
