1.000000000000000000e+00 2.536074680392630398e-05 2.374126324866665527e-06
9.000000000000000222e-01 3.402938091312535107e-05 3.480275836409418844e-06
8.000000000000000444e-01 6.152161222416907549e-05 3.182702357662492432e-06
6.999999999999999556e-01 1.053074956871569157e-04 4.382842234917916358e-06
5.999999999999999778e-01 1.808899978641420603e-04 6.598172603844432160e-06
5.000000000000000000e-01 3.321784024592489004e-04 9.184537702822126448e-06
4.000000000000000222e-01 8.433950715698301792e-04 1.663351031311322004e-05
2.999999999999999889e-01 2.562908455729484558e-03 3.960944741265848279e-05
2.000000000000000111e-01 1.237199082970619202e-02 1.009164770948700607e-04
1.000000000000000056e-01 1.388230174779891968e-01 1.655914937146008015e-03
5.000000000000000278e-02 1.000036478042602539e+00 4.540527239441871643e-03
