5.000000000000000278e-02 1.001379251480102539e+00 4.230785183608531952e-03 8.468526601791381836e-02
1.000000000000000056e-01 1.496918499469757080e-01 9.152859565801918507e-04 8.305863291025161743e-02
2.000000000000000111e-01 1.468558236956596375e-02 2.883754787035286427e-04 8.178631961345672607e-02
2.999999999999999889e-01 4.247094038873910904e-03 1.210263144457712770e-04 8.305094391107559204e-02
4.000000000000000222e-01 1.598129631020128727e-03 1.804271014407277107e-04 8.422333747148513794e-02
5.000000000000000000e-01 8.764151716604828835e-04 4.700431964010931551e-05 8.489219099283218384e-02
5.999999999999999778e-01 7.029558764770627022e-04 3.834745439235121012e-05 2.974651870317757130e-04
6.999999999999999556e-01 6.685739499516785145e-04 4.705126775661483407e-05 7.968799036461859941e-05
8.000000000000000444e-01 5.374773754738271236e-04 2.510704689484555274e-05 5.521377170225605369e-05
9.000000000000000222e-01 5.644151824526488781e-04 3.093823033850640059e-05 2.439378840790595859e-05
1.000000000000000000e+00 5.991545040160417557e-04 1.988411895581521094e-05 2.016154212469700724e-05
