1.000000000000000000e+00 2.538154876674525440e-05 2.424587364657782018e-06
9.000000000000000222e-01 3.676024061860516667e-05 2.317079861313686706e-06
8.000000000000000444e-01 4.929326314595527947e-05 2.746719928836682811e-06
6.999999999999999556e-01 9.850833885138854384e-05 4.744071702589280903e-06
5.999999999999999778e-01 1.723907189443707466e-04 6.753043635399080813e-06
5.000000000000000000e-01 3.317826485726982355e-04 9.441391739528626204e-06
4.000000000000000222e-01 8.150365320034325123e-04 1.718797648209147155e-05
2.999999999999999889e-01 2.459813607856631279e-03 4.075572724104858935e-05
2.000000000000000111e-01 1.162278372794389725e-02 1.057701956597156823e-04
1.000000000000000056e-01 1.427578330039978027e-01 7.479618652723729610e-04
5.000000000000000278e-02 9.415920972824096680e-01 3.912880085408687592e-03
