1.000000000000000000e+00 1.968661308637820184e-05 2.130819666490424424e-06
9.000000000000000222e-01 2.315303026989568025e-05 1.839731794461840764e-06
8.000000000000000444e-01 3.125305738649331033e-05 3.407880512895644642e-06
6.999999999999999556e-01 6.341646076180040836e-05 3.160673713864525780e-06
5.999999999999999778e-01 1.246720203198492527e-04 7.157010713854106143e-06
5.000000000000000000e-01 2.731183776631951332e-04 1.291957232751883566e-05
4.000000000000000222e-01 7.436642772518098354e-04 1.584737401572056115e-05
2.999999999999999889e-01 2.596999984234571457e-03 3.433879828662611544e-05
2.000000000000000111e-01 1.210472360253334045e-02 1.098194989026524127e-04
1.000000000000000056e-01 1.327272951602935791e-01 6.895913393236696720e-04
5.000000000000000278e-02 9.282859563827514648e-01 3.756340360268950462e-03
