2.999999999999999889e-02 3.415995836257934570e+00 1.561308652162551880e-02
5.000000000000000278e-02 1.087260484695434570e+00 4.470893647521734238e-03
7.000000000000000666e-02 4.063172042369842529e-01 1.782284234650433064e-03
1.000000000000000056e-01 1.366884559392929077e-01 6.634255405515432358e-04
2.000000000000000111e-01 1.112338900566101074e-02 9.955865971278399229e-05
2.999999999999999889e-01 2.373971743509173393e-03 3.220230428269132972e-05
4.000000000000000222e-01 6.419591372832655907e-04 1.180541312351124361e-05
5.000000000000000000e-01 2.326316316612064838e-04 6.077460511733079329e-06
5.999999999999999778e-01 1.045311437337659299e-04 4.019491825602017343e-06
6.999999999999999556e-01 5.021740798838436604e-05 2.499848505976842716e-06
8.000000000000000444e-01 2.484113429090939462e-05 1.576911699885386042e-06
9.000000000000000222e-01 1.606876139703672379e-05 1.206339106829545926e-06
1.000000000000000000e+00 9.859272722678724676e-06 9.468394068790075835e-07
