1.000000000000000000e+00 2.360399412282276899e-05 2.445058726152637973e-06
9.000000000000000222e-01 3.269692388130351901e-05 3.049981614822172560e-06
8.000000000000000444e-01 5.355843677534721792e-05 3.351924533490091562e-06
6.999999999999999556e-01 1.011644708341918886e-04 4.940393864671932533e-06
5.999999999999999778e-01 1.685713359620422125e-04 6.214470431586960331e-06
5.000000000000000000e-01 3.620088973548263311e-04 9.913130270433612168e-06
4.000000000000000222e-01 7.632587803527712822e-04 1.805272950150538236e-05
2.999999999999999889e-01 2.635814482346177101e-03 4.308433199184946716e-05
2.000000000000000111e-01 1.185786724090576172e-02 1.084218820324167609e-04
1.000000000000000056e-01 1.347285509109497070e-01 7.059098570607602596e-04
5.000000000000000278e-02 9.508677721023559570e-01 3.888104343786835670e-03
