5.000000000000000278e-02 9.594428539276123047e-01 4.379924386739730835e-03
1.000000000000000056e-01 1.469030827283859253e-01 1.184172579087316990e-03
2.000000000000000111e-01 1.429991889744997025e-02 1.807464432204142213e-04
2.999999999999999889e-01 3.734914353117346764e-03 6.636935722781345248e-05
4.000000000000000222e-01 1.473736134357750416e-03 3.971198748331516981e-05
5.000000000000000000e-01 6.986236548982560635e-04 2.260379551444202662e-05
5.999999999999999778e-01 6.445874460041522980e-04 3.552354610292240977e-05
6.999999999999999556e-01 5.216599674895405769e-04 2.880911233660299331e-05
8.000000000000000444e-01 5.745646194554865360e-04 2.307668364665005356e-05
9.000000000000000222e-01 4.810329410247504711e-04 3.182898581144399941e-05
1.000000000000000000e+00 4.120111989323049784e-04 2.419771044515073299e-05
