5.000000000000000278e-02 9.871217608451843262e-01 4.085134714841842651e-03
1.000000000000000056e-01 1.438475847244262695e-01 8.296355372294783592e-04
2.000000000000000111e-01 1.511584594845771790e-02 1.625856093596667051e-04
2.999999999999999889e-01 3.633996471762657166e-03 5.767955008195713162e-05
4.000000000000000222e-01 1.540082041174173355e-03 3.867548730340786278e-05
5.000000000000000000e-01 6.980238249525427818e-04 4.791647370439022779e-05
5.999999999999999778e-01 4.131212772335857153e-04 2.710917942749802023e-05
6.999999999999999556e-01 2.401074889348819852e-04 1.895657260320149362e-05
8.000000000000000444e-01 1.774188713170588017e-04 1.610288745723664761e-05
9.000000000000000222e-01 1.550417509861290455e-04 1.682821493886876851e-05
1.000000000000000000e+00 8.658359001856297255e-05 1.047023943101521581e-05
