2.999999999999999889e-02 1.843647548047566476e+00 1.220070901576649075e-01
5.000000000000000278e-02 1.043483376268370844e+00 6.546285096063979292e-02
7.000000000000000666e-02 6.319181112035155978e-01 4.097726553166663316e-02
1.000000000000000056e-01 3.698167219084796953e-01 2.568929599642976597e-02
2.000000000000000111e-01 1.069677197683261416e-01 9.611873418796762839e-03
2.999999999999999889e-01 4.783398385445074286e-02 5.245652081683358815e-03
4.000000000000000222e-01 2.510900682646923301e-02 3.364655043154839761e-03
5.000000000000000000e-01 1.513176302620270093e-02 2.430140206731177220e-03
5.999999999999999778e-01 1.378662985012087290e-02 2.280574868081594944e-03
6.999999999999999556e-01 1.252443455596130573e-02 2.160970632630405432e-03
8.000000000000000444e-01 1.162338839663926149e-02 2.078863435801582560e-03
9.000000000000000222e-01 1.101384049239866915e-02 2.024776407351307032e-03
1.000000000000000000e+00 1.069595564349178941e-02 1.992859557541618813e-03
