2.999999999999999889e-02 1.837131666561632182e+00 1.237924822083854154e-01 9.712436741287119091e+00 2.207375928772714602e-01
5.000000000000000278e-02 1.039139629340600335e+00 6.567516247782892447e-02 1.634523720009196657e+00 8.014480852127438271e-02
7.000000000000000666e-02 6.328296420002059719e-01 4.104905399723558085e-02 8.008134549566131577e-01 4.573802396151496752e-02
1.000000000000000056e-01 3.693240424890007478e-01 2.581628202957442220e-02 4.155548430356394429e-01 2.719033079842070669e-02
2.000000000000000111e-01 1.077415223296224189e-01 9.564939194597022257e-03 1.109379771988629054e-01 9.677805826054401359e-03
2.999999999999999889e-01 4.832005944059691860e-02 5.272680919808720584e-03 4.994144006444580647e-02 5.427935351280967907e-03
4.000000000000000222e-01 2.500630426370761134e-02 3.344096841574693141e-03 2.628047925354056943e-02 3.480496710038459042e-03
5.000000000000000000e-01 1.512274661254797703e-02 2.427978073884458354e-03 1.569819099620638203e-02 2.489420048234828459e-03
5.999999999999999778e-01 9.796810078250584378e-03 1.838597464089306889e-03 9.932022512430339900e-03 1.848339774890824742e-03
6.999999999999999556e-01 6.631898232741636513e-03 1.475983783299356306e-03 6.587425346056672085e-03 1.471626012411306975e-03
8.000000000000000444e-01 4.587373886836720004e-03 1.200069541465992274e-03 4.504668304473186981e-03 1.197781434014467570e-03
9.000000000000000222e-01 3.335404866574970349e-03 1.013404015011846234e-03 3.247081123861693657e-03 1.009690351774175264e-03
1.000000000000000000e+00 2.439283967503013892e-03 8.563866802669395633e-04 2.333722336611154195e-03 8.522887061116011381e-04
