2.999999999999999889e-02 1.867440948455635352e+00 1.235120089812528077e-01
5.000000000000000278e-02 1.048866310632185828e+00 6.512115701280750402e-02
7.000000000000000666e-02 6.438812852300118683e-01 4.146668583166669003e-02
1.000000000000000056e-01 3.723504663013426086e-01 2.576318875124503430e-02
2.000000000000000111e-01 1.078624544705213684e-01 9.677107890224636091e-03
2.999999999999999889e-01 8.695801944452646870e-02 8.183966527991415330e-03
4.000000000000000222e-01 7.862483943178098789e-02 7.678125972893392638e-03
5.000000000000000000e-01 7.439679389027575862e-02 7.323427714964858559e-03
5.999999999999999778e-01 7.080151246583678282e-02 7.230673970177911060e-03
6.999999999999999556e-01 6.892888613292239008e-02 7.033995616306981495e-03
8.000000000000000444e-01 6.748387392064723878e-02 6.966714468028712727e-03
9.000000000000000222e-01 6.718237399028903489e-02 6.930845740604670187e-03
1.000000000000000000e+00 6.625037968491694074e-02 6.854479147738597525e-03
