2.999999999999999889e-02 1.845159618320323824e+00 1.216226451551393611e-01
5.000000000000000278e-02 1.037156559581342341e+00 6.593970395296575027e-02
7.000000000000000666e-02 6.347465912043106506e-01 4.107835021596653591e-02
1.000000000000000056e-01 3.688471751028775669e-01 2.546652054642796481e-02
2.000000000000000111e-01 1.089557742150157604e-01 9.625925847169761879e-03
2.999999999999999889e-01 1.083785204606772662e-01 9.576287320957858548e-03
4.000000000000000222e-01 1.079370009857036489e-01 9.572769069343751297e-03
5.000000000000000000e-01 1.084516077318859739e-01 9.620066038549033791e-03
5.999999999999999778e-01 1.063455433797723809e-01 9.460492594591050908e-03
6.999999999999999556e-01 1.068044541416667131e-01 9.511299120087529299e-03
8.000000000000000444e-01 1.065754253439717275e-01 9.549970598323104243e-03
9.000000000000000222e-01 1.078801288110262657e-01 9.558989067481739321e-03
1.000000000000000000e+00 1.084634439731259337e-01 9.657465644125461796e-03
