2.999999999999999889e-02 1.853664661156604776e+00 1.242806425628488198e-01
5.000000000000000278e-02 1.051550857471050371e+00 6.625530738940853259e-02
7.000000000000000666e-02 6.386214626998386601e-01 4.133981077438891871e-02
1.000000000000000056e-01 3.714156936982004331e-01 2.573989475217101225e-02
2.000000000000000111e-01 1.068864486910211659e-01 9.486279689968731693e-03
2.999999999999999889e-01 4.794930719998518470e-02 5.228411734114317595e-03
4.000000000000000222e-01 2.488466686492431246e-02 3.323632811433779952e-03
5.000000000000000000e-01 1.503692007151794831e-02 2.412229980280680957e-03
5.999999999999999778e-01 1.495099220526632106e-02 2.400709540946789969e-03
6.999999999999999556e-01 1.508464761321637836e-02 2.412888411793276747e-03
8.000000000000000444e-01 1.502131605925495841e-02 2.418479442616435111e-03
9.000000000000000222e-01 1.507311735838051496e-02 2.429482088142495642e-03
1.000000000000000000e+00 1.500250502536481546e-02 2.405548468278500152e-03
