2.999999999999999889e-02 1.860600270525790911e+00 1.229125112891335941e-01 9.781117162901880491e+00 2.214085510315730865e-01
5.000000000000000278e-02 1.040033542547603274e+00 6.571090917009796140e-02 1.657873027224723739e+00 8.054400806495363996e-02
7.000000000000000666e-02 6.292243695131578551e-01 4.107976369107980280e-02 7.987550828234969424e-01 4.580268563202833515e-02
1.000000000000000056e-01 3.691820583742194128e-01 2.561609578678948965e-02 4.196084755149210310e-01 2.713134715866453994e-02
2.000000000000000111e-01 1.063609891617193909e-01 9.487940053599723880e-03 1.096687288769019192e-01 9.606092196889423271e-03
2.999999999999999889e-01 4.784156424682364100e-02 5.292522945859715229e-03 4.953329960035261770e-02 5.448550561916612120e-03
4.000000000000000222e-01 2.524324243227252240e-02 3.364198119790532630e-03 2.653451088541232405e-02 3.499726766870801982e-03
5.000000000000000000e-01 1.521573953267075369e-02 2.429332986894557588e-03 1.582241465883656856e-02 2.493216029587506412e-03
5.999999999999999778e-01 9.817912147074151288e-03 1.864093447105807282e-03 9.981841325647028418e-03 1.875842708866349911e-03
6.999999999999999556e-01 6.679210190186983011e-03 1.487906261851043447e-03 6.643848691915397314e-03 1.483866287755643450e-03
8.000000000000000444e-01 4.609356095380416456e-03 1.202989819155677979e-03 4.537886194481327400e-03 1.199842096499685639e-03
9.000000000000000222e-01 3.408519446271590474e-03 1.014310593477521939e-03 3.193979186458830149e-03 1.009212844297258408e-03
1.000000000000000000e+00 2.441694984738872372e-03 8.666841484979405591e-04 2.354491915922796164e-03 8.623346732266357626e-04
